size=large  variant=BCAS  n=10000  T=5000
baseline=Greedy  ilp_time_limit=30.0
mean_quality=1.0150 ± 0.0045
model_ms_per_snap=11435.99
baseline_ms_per_ckpt=6.18
validity=100.0%

    step    model baseline    quality  valid
----------------------------------------------
       5     2797     2758     1.0141   True
      10     2796     2758     1.0138   True
      15     2815     2758     1.0207   True
      20     2801     2759     1.0152   True
      25     2803     2759     1.0159   True
      30     2821     2759     1.0225   True
      35     2812     2759     1.0192   True
      40     2819     2759     1.0217   True
      45     2803     2759     1.0159   True
      50     2807     2760     1.0170   True
      55     2813     2760     1.0192   True
      60     2816     2760     1.0203   True
      65     2829     2760     1.0250   True
      70     2807     2760     1.0170   True
      75     2814     2760     1.0196   True
      80     2824     2760     1.0232   True
      85     2823     2761     1.0225   True
      90     2828     2761     1.0243   True
      95     2817     2761     1.0203   True
     100     2803     2762     1.0148   True
     105     2823     2763     1.0217   True
     110     2822     2763     1.0214   True
     115     2811     2763     1.0174   True
     120     2811     2763     1.0174   True
     125     2817     2763     1.0195   True
     130     2824     2764     1.0217   True
     135     2829     2764     1.0235   True
     140     2815     2766     1.0177   True
     145     2826     2764     1.0224   True
     150     2825     2765     1.0217   True
     155     2828     2765     1.0228   True
     160     2827     2765     1.0224   True
     165     2830     2765     1.0235   True
     170     2820     2765     1.0199   True
     175     2826     2765     1.0221   True
     180     2833     2766     1.0242   True
     185     2830     2765     1.0235   True
     190     2833     2765     1.0246   True
     195     2833     2767     1.0239   True
     200     2832     2767     1.0235   True
     205     2818     2768     1.0181   True
     210     2829     2768     1.0220   True
     215     2818     2768     1.0181   True
     220     2813     2768     1.0163   True
     225     2813     2768     1.0163   True
     230     2813     2768     1.0163   True
     235     2816     2768     1.0173   True
     240     2820     2769     1.0184   True
     245     2816     2769     1.0170   True
     250     2808     2768     1.0145   True
     255     2817     2768     1.0177   True
     260     2811     2768     1.0155   True
     265     2808     2768     1.0145   True
     270     2816     2768     1.0173   True
     275     2805     2768     1.0134   True
     280     2808     2768     1.0145   True
     285     2786     2768     1.0065   True
     290     2798     2769     1.0105   True
     295     2796     2770     1.0094   True
     300     2804     2772     1.0115   True
     305     2803     2772     1.0112   True
     310     2794     2772     1.0079   True
     315     2807     2773     1.0123   True
     320     2806     2772     1.0123   True
     325     2814     2772     1.0152   True
     330     2816     2772     1.0159   True
     335     2810     2772     1.0137   True
     340     2803     2774     1.0105   True
     345     2806     2774     1.0115   True
     350     2807     2774     1.0119   True
     355     2817     2774     1.0155   True
     360     2819     2772     1.0170   True
     365     2808     2774     1.0123   True
     370     2803     2774     1.0105   True
     375     2801     2773     1.0101   True
     380     2797     2773     1.0087   True
     385     2812     2773     1.0141   True
     390     2792     2772     1.0072   True
     395     2797     2775     1.0079   True
     400     2795     2775     1.0072   True
     405     2810     2775     1.0126   True
     410     2809     2776     1.0119   True
     415     2817     2775     1.0151   True
     420     2811     2774     1.0133   True
     425     2807     2774     1.0119   True
     430     2805     2772     1.0119   True
     435     2808     2772     1.0130   True
     440     2816     2772     1.0159   True
     445     2815     2773     1.0151   True
     450     2831     2770     1.0220   True
     455     2829     2770     1.0213   True
     460     2812     2771     1.0148   True
     465     2806     2771     1.0126   True
     470     2801     2771     1.0108   True
     475     2816     2771     1.0162   True
     480     2817     2771     1.0166   True
     485     2815     2771     1.0159   True
     490     2817     2771     1.0166   True
     495     2816     2771     1.0162   True
     500     2811     2771     1.0144   True
     505     2818     2770     1.0173   True
     510     2803     2770     1.0119   True
     515     2801     2770     1.0112   True
     520     2817     2771     1.0166   True
     525     2807     2770     1.0134   True
     530     2803     2768     1.0126   True
     535     2813     2767     1.0166   True
     540     2800     2767     1.0119   True
     545     2814     2767     1.0170   True
     550     2805     2766     1.0141   True
     555     2802     2767     1.0126   True
     560     2809     2767     1.0152   True
     565     2806     2768     1.0137   True
     570     2817     2768     1.0177   True
     575     2828     2767     1.0220   True
     580     2829     2767     1.0224   True
     585     2820     2768     1.0188   True
     590     2825     2770     1.0199   True
     595     2825     2770     1.0199   True
     600     2804     2770     1.0123   True
     605     2813     2771     1.0152   True
     610     2805     2771     1.0123   True
     615     2804     2771     1.0119   True
     620     2815     2772     1.0155   True
     625     2808     2772     1.0130   True
     630     2804     2774     1.0108   True
     635     2811     2774     1.0133   True
     640     2811     2774     1.0133   True
     645     2805     2773     1.0115   True
     650     2814     2773     1.0148   True
     655     2805     2773     1.0115   True
     660     2815     2773     1.0151   True
     665     2812     2773     1.0141   True
     670     2800     2773     1.0097   True
     675     2813     2773     1.0144   True
     680     2813     2771     1.0152   True
     685     2808     2774     1.0123   True
     690     2804     2773     1.0112   True
     695     2802     2773     1.0105   True
     700     2815     2771     1.0159   True
     705     2806     2771     1.0126   True
     710     2805     2768     1.0134   True
     715     2813     2768     1.0163   True
     720     2794     2765     1.0105   True
     725     2796     2764     1.0116   True
     730     2809     2765     1.0159   True
     735     2806     2765     1.0148   True
     740     2802     2764     1.0137   True
     745     2801     2764     1.0134   True
     750     2816     2764     1.0188   True
     755     2806     2767     1.0141   True
     760     2804     2767     1.0134   True
     765     2799     2767     1.0116   True
     770     2800     2767     1.0119   True
     775     2806     2766     1.0145   True
     780     2792     2766     1.0094   True
     785     2793     2767     1.0094   True
     790     2811     2767     1.0159   True
     795     2807     2767     1.0145   True
     800     2814     2767     1.0170   True
     805     2820     2767     1.0192   True
     810     2818     2767     1.0184   True
     815     2820     2767     1.0192   True
     820     2819     2767     1.0188   True
     825     2809     2767     1.0152   True
     830     2813     2767     1.0166   True
     835     2806     2767     1.0141   True
     840     2810     2767     1.0155   True
     845     2817     2767     1.0181   True
     850     2818     2767     1.0184   True
     855     2809     2767     1.0152   True
     860     2806     2767     1.0141   True
     865     2817     2767     1.0181   True
     870     2822     2767     1.0199   True
     875     2806     2767     1.0141   True
     880     2795     2768     1.0098   True
     885     2808     2768     1.0145   True
     890     2802     2766     1.0130   True
     895     2794     2766     1.0101   True
     900     2794     2766     1.0101   True
     905     2789     2765     1.0087   True
     910     2803     2765     1.0137   True
     915     2788     2765     1.0083   True
     920     2804     2766     1.0137   True
     925     2796     2766     1.0108   True
     930     2800     2766     1.0123   True
     935     2807     2764     1.0156   True
     940     2812     2763     1.0177   True
     945     2799     2763     1.0130   True
     950     2802     2763     1.0141   True
     955     2810     2764     1.0166   True
     960     2794     2764     1.0109   True
     965     2793     2763     1.0109   True
     970     2801     2760     1.0149   True
     975     2795     2760     1.0127   True
     980     2796     2760     1.0130   True
     985     2795     2760     1.0127   True
     990     2788     2760     1.0101   True
     995     2801     2759     1.0152   True
    1000     2807     2759     1.0174   True
    1005     2803     2759     1.0159   True
    1010     2798     2759     1.0141   True
    1015     2796     2759     1.0134   True
    1020     2796     2759     1.0134   True
    1025     2807     2760     1.0170   True
    1030     2793     2761     1.0116   True
    1035     2796     2761     1.0127   True
    1040     2788     2761     1.0098   True
    1045     2813     2761     1.0188   True
    1050     2794     2763     1.0112   True
    1055     2781     2763     1.0065   True
    1060     2798     2763     1.0127   True
    1065     2797     2763     1.0123   True
    1070     2797     2763     1.0123   True
    1075     2792     2763     1.0105   True
    1080     2805     2762     1.0156   True
    1085     2801     2763     1.0138   True
    1090     2797     2764     1.0119   True
    1095     2789     2766     1.0083   True
    1100     2791     2766     1.0090   True
    1105     2802     2766     1.0130   True
    1110     2785     2766     1.0069   True
    1115     2795     2766     1.0105   True
    1120     2786     2767     1.0069   True
    1125     2788     2767     1.0076   True
    1130     2796     2767     1.0105   True
    1135     2815     2767     1.0173   True
    1140     2809     2767     1.0152   True
    1145     2795     2769     1.0094   True
    1150     2812     2769     1.0155   True
    1155     2808     2769     1.0141   True
    1160     2802     2769     1.0119   True
    1165     2777     2769     1.0029   True
    1170     2785     2768     1.0061   True
    1175     2807     2767     1.0145   True
    1180     2803     2767     1.0130   True
    1185     2808     2767     1.0148   True
    1190     2792     2769     1.0083   True
    1195     2794     2769     1.0090   True
    1200     2781     2769     1.0043   True
    1205     2785     2770     1.0054   True
    1210     2779     2770     1.0032   True
    1215     2774     2770     1.0014   True
    1220     2784     2772     1.0043   True
    1225     2787     2771     1.0058   True
    1230     2799     2771     1.0101   True
    1235     2798     2772     1.0094   True
    1240     2794     2775     1.0068   True
    1245     2809     2775     1.0123   True
    1250     2801     2775     1.0094   True
    1255     2803     2774     1.0105   True
    1260     2812     2775     1.0133   True
    1265     2797     2775     1.0079   True
    1270     2804     2775     1.0105   True
    1275     2803     2774     1.0105   True
    1280     2797     2774     1.0083   True
    1285     2789     2774     1.0054   True
    1290     2791     2772     1.0069   True
    1295     2784     2771     1.0047   True
    1300     2811     2771     1.0144   True
    1305     2814     2771     1.0155   True
    1310     2803     2771     1.0115   True
    1315     2797     2771     1.0094   True
    1320     2806     2771     1.0126   True
    1325     2813     2771     1.0152   True
    1330     2824     2769     1.0199   True
    1335     2828     2769     1.0213   True
    1340     2816     2769     1.0170   True
    1345     2800     2769     1.0112   True
    1350     2795     2769     1.0094   True
    1355     2807     2769     1.0137   True
    1360     2808     2768     1.0145   True
    1365     2796     2768     1.0101   True
    1370     2811     2768     1.0155   True
    1375     2789     2768     1.0076   True
    1380     2800     2768     1.0116   True
    1385     2809     2768     1.0148   True
    1390     2811     2768     1.0155   True
    1395     2813     2768     1.0163   True
    1400     2811     2768     1.0155   True
    1405     2814     2769     1.0163   True
    1410     2816     2769     1.0170   True
    1415     2808     2769     1.0141   True
    1420     2781     2770     1.0040   True
    1425     2797     2770     1.0097   True
    1430     2790     2771     1.0069   True
    1435     2790     2771     1.0069   True
    1440     2795     2767     1.0101   True
    1445     2779     2767     1.0043   True
    1450     2783     2767     1.0058   True
    1455     2802     2767     1.0126   True
    1460     2788     2763     1.0090   True
    1465     2806     2763     1.0156   True
    1470     2811     2764     1.0170   True
    1475     2794     2766     1.0101   True
    1480     2783     2766     1.0061   True
    1485     2788     2766     1.0080   True
    1490     2800     2766     1.0123   True
    1495     2803     2766     1.0134   True
    1500     2799     2766     1.0119   True
    1505     2798     2766     1.0116   True
    1510     2789     2766     1.0083   True
    1515     2803     2766     1.0134   True
    1520     2815     2765     1.0181   True
    1525     2804     2763     1.0148   True
    1530     2796     2764     1.0116   True
    1535     2797     2764     1.0119   True
    1540     2796     2764     1.0116   True
    1545     2786     2764     1.0080   True
    1550     2778     2765     1.0047   True
    1555     2782     2766     1.0058   True
    1560     2783     2770     1.0047   True
    1565     2777     2770     1.0025   True
    1570     2772     2772     1.0000   True
    1575     2789     2772     1.0061   True
    1580     2808     2772     1.0130   True
    1585     2817     2771     1.0166   True
    1590     2797     2770     1.0097   True
    1595     2790     2770     1.0072   True
    1600     2807     2771     1.0130   True
    1605     2808     2770     1.0137   True
    1610     2803     2771     1.0115   True
    1615     2800     2769     1.0112   True
    1620     2813     2771     1.0152   True
    1625     2822     2771     1.0184   True
    1630     2805     2770     1.0126   True
    1635     2796     2769     1.0098   True
    1640     2794     2767     1.0098   True
    1645     2803     2767     1.0130   True
    1650     2812     2769     1.0155   True
    1655     2816     2770     1.0166   True
    1660     2816     2770     1.0166   True
    1665     2813     2770     1.0155   True
    1670     2830     2770     1.0217   True
    1675     2807     2770     1.0134   True
    1680     2798     2768     1.0108   True
    1685     2806     2768     1.0137   True
    1690     2825     2768     1.0206   True
    1695     2815     2768     1.0170   True
    1700     2815     2767     1.0173   True
    1705     2818     2767     1.0184   True
    1710     2812     2767     1.0163   True
    1715     2810     2767     1.0155   True
    1720     2803     2767     1.0130   True
    1725     2799     2767     1.0116   True
    1730     2809     2767     1.0152   True
    1735     2806     2767     1.0141   True
    1740     2819     2767     1.0188   True
    1745     2832     2768     1.0231   True
    1750     2824     2768     1.0202   True
    1755     2814     2769     1.0163   True
    1760     2829     2769     1.0217   True
    1765     2817     2769     1.0173   True
    1770     2817     2769     1.0173   True
    1775     2804     2770     1.0123   True
    1780     2820     2770     1.0181   True
    1785     2826     2770     1.0202   True
    1790     2822     2770     1.0188   True
    1795     2806     2770     1.0130   True
    1800     2811     2770     1.0148   True
    1805     2818     2769     1.0177   True
    1810     2816     2769     1.0170   True
    1815     2804     2769     1.0126   True
    1820     2812     2768     1.0159   True
    1825     2825     2767     1.0210   True
    1830     2808     2766     1.0152   True
    1835     2798     2766     1.0116   True
    1840     2807     2766     1.0148   True
    1845     2801     2766     1.0127   True
    1850     2817     2766     1.0184   True
    1855     2813     2765     1.0174   True
    1860     2822     2764     1.0210   True
    1865     2818     2764     1.0195   True
    1870     2808     2764     1.0159   True
    1875     2815     2764     1.0185   True
    1880     2812     2765     1.0170   True
    1885     2814     2767     1.0170   True
    1890     2819     2767     1.0188   True
    1895     2830     2767     1.0228   True
    1900     2819     2766     1.0192   True
    1905     2820     2766     1.0195   True
    1910     2824     2766     1.0210   True
    1915     2824     2767     1.0206   True
    1920     2825     2767     1.0210   True
    1925     2820     2767     1.0192   True
    1930     2820     2767     1.0192   True
    1935     2813     2767     1.0166   True
    1940     2824     2768     1.0202   True
    1945     2823     2768     1.0199   True
    1950     2822     2767     1.0199   True
    1955     2826     2767     1.0213   True
    1960     2807     2765     1.0152   True
    1965     2820     2765     1.0199   True
    1970     2796     2765     1.0112   True
    1975     2797     2766     1.0112   True
    1980     2802     2770     1.0116   True
    1985     2788     2770     1.0065   True
    1990     2802     2771     1.0112   True
    1995     2800     2771     1.0105   True
    2000     2814     2771     1.0155   True
    2005     2825     2770     1.0199   True
    2010     2818     2770     1.0173   True
    2015     2816     2772     1.0159   True
    2020     2835     2772     1.0227   True
    2025     2818     2772     1.0166   True
    2030     2828     2772     1.0202   True
    2035     2827     2773     1.0195   True
    2040     2827     2773     1.0195   True
    2045     2823     2772     1.0184   True
    2050     2817     2772     1.0162   True
    2055     2815     2772     1.0155   True
    2060     2805     2772     1.0119   True
    2065     2813     2772     1.0148   True
    2070     2812     2772     1.0144   True
    2075     2826     2772     1.0195   True
    2080     2815     2771     1.0159   True
    2085     2819     2771     1.0173   True
    2090     2818     2770     1.0173   True
    2095     2810     2770     1.0144   True
    2100     2825     2770     1.0199   True
    2105     2818     2770     1.0173   True
    2110     2811     2771     1.0144   True
    2115     2813     2770     1.0155   True
    2120     2794     2770     1.0087   True
    2125     2798     2770     1.0101   True
    2130     2815     2770     1.0162   True
    2135     2816     2770     1.0166   True
    2140     2800     2769     1.0112   True
    2145     2807     2769     1.0137   True
    2150     2802     2770     1.0116   True
    2155     2810     2770     1.0144   True
    2160     2811     2770     1.0148   True
    2165     2797     2770     1.0097   True
    2170     2797     2770     1.0097   True
    2175     2793     2770     1.0083   True
    2180     2811     2770     1.0148   True
    2185     2800     2769     1.0112   True
    2190     2817     2769     1.0173   True
    2195     2809     2769     1.0144   True
    2200     2812     2768     1.0159   True
    2205     2821     2768     1.0191   True
    2210     2814     2768     1.0166   True
    2215     2826     2768     1.0210   True
    2220     2805     2768     1.0134   True
    2225     2823     2770     1.0191   True
    2230     2812     2770     1.0152   True
    2235     2834     2770     1.0231   True
    2240     2825     2771     1.0195   True
    2245     2828     2771     1.0206   True
    2250     2818     2771     1.0170   True
    2255     2824     2771     1.0191   True
    2260     2824     2772     1.0188   True
    2265     2815     2771     1.0159   True
    2270     2812     2771     1.0148   True
    2275     2813     2772     1.0148   True
    2280     2816     2772     1.0159   True
    2285     2809     2774     1.0126   True
    2290     2808     2774     1.0123   True
    2295     2817     2774     1.0155   True
    2300     2811     2774     1.0133   True
    2305     2815     2775     1.0144   True
    2310     2811     2775     1.0130   True
    2315     2808     2775     1.0119   True
    2320     2799     2777     1.0079   True
    2325     2787     2777     1.0036   True
    2330     2776     2777     0.9996   True
    2335     2793     2777     1.0058   True
    2340     2780     2777     1.0011   True
    2345     2796     2776     1.0072   True
    2350     2791     2776     1.0054   True
    2355     2787     2778     1.0032   True
    2360     2808     2777     1.0112   True
    2365     2794     2777     1.0061   True
    2370     2800     2776     1.0086   True
    2375     2793     2776     1.0061   True
    2380     2803     2776     1.0097   True
    2385     2802     2776     1.0094   True
    2390     2799     2776     1.0083   True
    2395     2808     2776     1.0115   True
    2400     2810     2777     1.0119   True
    2405     2811     2777     1.0122   True
    2410     2808     2777     1.0112   True
    2415     2798     2777     1.0076   True
    2420     2803     2777     1.0094   True
    2425     2805     2778     1.0097   True
    2430     2789     2778     1.0040   True
    2435     2787     2778     1.0032   True
    2440     2808     2778     1.0108   True
    2445     2798     2778     1.0072   True
    2450     2800     2777     1.0083   True
    2455     2802     2775     1.0097   True
    2460     2801     2775     1.0094   True
    2465     2808     2775     1.0119   True
    2470     2813     2774     1.0141   True
    2475     2815     2774     1.0148   True
    2480     2806     2774     1.0115   True
    2485     2808     2775     1.0119   True
    2490     2814     2775     1.0141   True
    2495     2809     2775     1.0123   True
    2500     2818     2775     1.0155   True
    2505     2815     2771     1.0159   True
    2510     2816     2769     1.0170   True
    2515     2810     2769     1.0148   True
    2520     2817     2768     1.0177   True
    2525     2814     2769     1.0163   True
    2530     2822     2769     1.0191   True
    2535     2798     2769     1.0105   True
    2540     2807     2769     1.0137   True
    2545     2798     2769     1.0105   True
    2550     2812     2769     1.0155   True
    2555     2812     2768     1.0159   True
    2560     2817     2768     1.0177   True
    2565     2810     2768     1.0152   True
    2570     2810     2768     1.0152   True
    2575     2818     2772     1.0166   True
    2580     2799     2771     1.0101   True
    2585     2799     2771     1.0101   True
    2590     2817     2771     1.0166   True
    2595     2821     2771     1.0180   True
    2600     2808     2771     1.0134   True
    2605     2810     2772     1.0137   True
    2610     2802     2772     1.0108   True
    2615     2799     2772     1.0097   True
    2620     2804     2772     1.0115   True
    2625     2808     2772     1.0130   True
    2630     2812     2770     1.0152   True
    2635     2803     2770     1.0119   True
    2640     2823     2769     1.0195   True
    2645     2813     2770     1.0155   True
    2650     2825     2771     1.0195   True
    2655     2810     2771     1.0141   True
    2660     2820     2771     1.0177   True
    2665     2818     2772     1.0166   True
    2670     2811     2772     1.0141   True
    2675     2818     2772     1.0166   True
    2680     2818     2772     1.0166   True
    2685     2817     2772     1.0162   True
    2690     2807     2772     1.0126   True
    2695     2802     2771     1.0112   True
    2700     2819     2770     1.0177   True
    2705     2820     2771     1.0177   True
    2710     2825     2771     1.0195   True
    2715     2810     2771     1.0141   True
    2720     2801     2770     1.0112   True
    2725     2804     2769     1.0126   True
    2730     2806     2769     1.0134   True
    2735     2805     2769     1.0130   True
    2740     2809     2771     1.0137   True
    2745     2804     2771     1.0119   True
    2750     2812     2771     1.0148   True
    2755     2804     2772     1.0115   True
    2760     2828     2772     1.0202   True
    2765     2818     2772     1.0166   True
    2770     2818     2772     1.0166   True
    2775     2824     2772     1.0188   True
    2780     2815     2773     1.0151   True
    2785     2814     2773     1.0148   True
    2790     2818     2773     1.0162   True
    2795     2810     2773     1.0133   True
    2800     2817     2773     1.0159   True
    2805     2805     2773     1.0115   True
    2810     2819     2773     1.0166   True
    2815     2824     2774     1.0180   True
    2820     2830     2774     1.0202   True
    2825     2816     2773     1.0155   True
    2830     2819     2774     1.0162   True
    2835     2826     2774     1.0187   True
    2840     2820     2775     1.0162   True
    2845     2824     2775     1.0177   True
    2850     2819     2775     1.0159   True
    2855     2815     2774     1.0148   True
    2860     2833     2772     1.0220   True
    2865     2814     2771     1.0155   True
    2870     2821     2771     1.0180   True
    2875     2818     2771     1.0170   True
    2880     2816     2772     1.0159   True
    2885     2814     2772     1.0152   True
    2890     2821     2772     1.0177   True
    2895     2821     2771     1.0180   True
    2900     2827     2771     1.0202   True
    2905     2813     2771     1.0152   True
    2910     2808     2770     1.0137   True
    2915     2798     2770     1.0101   True
    2920     2814     2770     1.0159   True
    2925     2815     2770     1.0162   True
    2930     2802     2770     1.0116   True
    2935     2810     2769     1.0148   True
    2940     2822     2769     1.0191   True
    2945     2805     2768     1.0134   True
    2950     2822     2769     1.0191   True
    2955     2825     2770     1.0199   True
    2960     2831     2770     1.0220   True
    2965     2822     2769     1.0191   True
    2970     2818     2769     1.0177   True
    2975     2815     2770     1.0162   True
    2980     2814     2770     1.0159   True
    2985     2814     2769     1.0163   True
    2990     2822     2769     1.0191   True
    2995     2819     2770     1.0177   True
    3000     2817     2770     1.0170   True
    3005     2824     2770     1.0195   True
    3010     2817     2770     1.0170   True
    3015     2809     2771     1.0137   True
    3020     2811     2771     1.0144   True
    3025     2817     2771     1.0166   True
    3030     2816     2771     1.0162   True
    3035     2823     2770     1.0191   True
    3040     2818     2769     1.0177   True
    3045     2825     2769     1.0202   True
    3050     2803     2772     1.0112   True
    3055     2804     2771     1.0119   True
    3060     2813     2771     1.0152   True
    3065     2814     2771     1.0155   True
    3070     2796     2771     1.0090   True
    3075     2801     2771     1.0108   True
    3080     2804     2771     1.0119   True
    3085     2803     2771     1.0115   True
    3090     2801     2770     1.0112   True
    3095     2810     2768     1.0152   True
    3100     2821     2774     1.0169   True
    3105     2818     2774     1.0159   True
    3110     2806     2773     1.0119   True
    3115     2811     2773     1.0137   True
    3120     2795     2773     1.0079   True
    3125     2802     2773     1.0105   True
    3130     2815     2772     1.0155   True
    3135     2811     2772     1.0141   True
    3140     2812     2773     1.0141   True
    3145     2814     2773     1.0148   True
    3150     2807     2773     1.0123   True
    3155     2816     2774     1.0151   True
    3160     2817     2773     1.0159   True
    3165     2813     2773     1.0144   True
    3170     2818     2774     1.0159   True
    3175     2804     2774     1.0108   True
    3180     2811     2773     1.0137   True
    3185     2814     2773     1.0148   True
    3190     2801     2773     1.0101   True
    3195     2788     2773     1.0054   True
    3200     2795     2773     1.0079   True
    3205     2803     2772     1.0112   True
    3210     2807     2772     1.0126   True
    3215     2803     2771     1.0115   True
    3220     2799     2771     1.0101   True
    3225     2795     2771     1.0087   True
    3230     2801     2773     1.0101   True
    3235     2815     2773     1.0151   True
    3240     2811     2773     1.0137   True
    3245     2810     2773     1.0133   True
    3250     2819     2772     1.0170   True
    3255     2827     2772     1.0198   True
    3260     2830     2773     1.0206   True
    3265     2831     2772     1.0213   True
    3270     2823     2772     1.0184   True
    3275     2827     2772     1.0198   True
    3280     2827     2771     1.0202   True
    3285     2813     2771     1.0152   True
    3290     2822     2770     1.0188   True
    3295     2818     2770     1.0173   True
    3300     2811     2770     1.0148   True
    3305     2806     2770     1.0130   True
    3310     2797     2770     1.0097   True
    3315     2804     2769     1.0126   True
    3320     2828     2769     1.0213   True
    3325     2815     2768     1.0170   True
    3330     2815     2767     1.0173   True
    3335     2810     2767     1.0155   True
    3340     2807     2767     1.0145   True
    3345     2816     2767     1.0177   True
    3350     2816     2767     1.0177   True
    3355     2822     2767     1.0199   True
    3360     2814     2764     1.0181   True
    3365     2811     2764     1.0170   True
    3370     2819     2764     1.0199   True
    3375     2807     2762     1.0163   True
    3380     2817     2763     1.0195   True
    3385     2804     2765     1.0141   True
    3390     2807     2765     1.0152   True
    3395     2801     2764     1.0134   True
    3400     2818     2764     1.0195   True
    3405     2809     2763     1.0166   True
    3410     2821     2763     1.0210   True
    3415     2827     2763     1.0232   True
    3420     2810     2762     1.0174   True
    3425     2822     2762     1.0217   True
    3430     2813     2762     1.0185   True
    3435     2817     2762     1.0199   True
    3440     2811     2762     1.0177   True
    3445     2806     2762     1.0159   True
    3450     2802     2762     1.0145   True
    3455     2803     2762     1.0148   True
    3460     2804     2762     1.0152   True
    3465     2801     2762     1.0141   True
    3470     2820     2762     1.0210   True
    3475     2817     2760     1.0207   True
    3480     2815     2760     1.0199   True
    3485     2817     2760     1.0207   True
    3490     2823     2759     1.0232   True
    3495     2828     2759     1.0250   True
    3500     2819     2759     1.0217   True
    3505     2806     2759     1.0170   True
    3510     2802     2758     1.0160   True
    3515     2790     2759     1.0112   True
    3520     2815     2759     1.0203   True
    3525     2809     2760     1.0178   True
    3530     2814     2760     1.0196   True
    3535     2811     2760     1.0185   True
    3540     2799     2760     1.0141   True
    3545     2804     2760     1.0159   True
    3550     2793     2759     1.0123   True
    3555     2804     2759     1.0163   True
    3560     2804     2760     1.0159   True
    3565     2814     2760     1.0196   True
    3570     2814     2760     1.0196   True
    3575     2806     2760     1.0167   True
    3580     2814     2760     1.0196   True
    3585     2799     2760     1.0141   True
    3590     2817     2760     1.0207   True
    3595     2811     2759     1.0188   True
    3600     2808     2759     1.0178   True
    3605     2803     2759     1.0159   True
    3610     2818     2760     1.0210   True
    3615     2809     2759     1.0181   True
    3620     2796     2759     1.0134   True
    3625     2795     2759     1.0130   True
    3630     2801     2758     1.0156   True
    3635     2800     2756     1.0160   True
    3640     2805     2756     1.0178   True
    3645     2828     2757     1.0258   True
    3650     2808     2757     1.0185   True
    3655     2809     2758     1.0185   True
    3660     2811     2758     1.0192   True
    3665     2805     2758     1.0170   True
    3670     2809     2758     1.0185   True
    3675     2805     2756     1.0178   True
    3680     2805     2756     1.0178   True
    3685     2796     2756     1.0145   True
    3690     2797     2756     1.0149   True
    3695     2801     2756     1.0163   True
    3700     2809     2755     1.0196   True
    3705     2807     2754     1.0192   True
    3710     2808     2753     1.0200   True
    3715     2810     2755     1.0200   True
    3720     2818     2755     1.0229   True
    3725     2813     2755     1.0211   True
    3730     2826     2756     1.0254   True
    3735     2811     2756     1.0200   True
    3740     2828     2756     1.0261   True
    3745     2830     2756     1.0269   True
    3750     2826     2756     1.0254   True
    3755     2832     2756     1.0276   True
    3760     2822     2757     1.0236   True
    3765     2824     2755     1.0250   True
    3770     2815     2755     1.0218   True
    3775     2812     2754     1.0211   True
    3780     2816     2754     1.0225   True
    3785     2828     2754     1.0269   True
    3790     2818     2754     1.0232   True
    3795     2829     2754     1.0272   True
    3800     2817     2752     1.0236   True
    3805     2813     2751     1.0225   True
    3810     2815     2751     1.0233   True
    3815     2822     2751     1.0258   True
    3820     2817     2750     1.0244   True
    3825     2801     2750     1.0185   True
    3830     2812     2749     1.0229   True
    3835     2802     2749     1.0193   True
    3840     2814     2749     1.0236   True
    3845     2819     2749     1.0255   True
    3850     2826     2749     1.0280   True
    3855     2814     2749     1.0236   True
    3860     2831     2749     1.0298   True
    3865     2805     2749     1.0204   True
    3870     2799     2749     1.0182   True
    3875     2816     2749     1.0244   True
    3880     2808     2748     1.0218   True
    3885     2814     2748     1.0240   True
    3890     2816     2748     1.0247   True
    3895     2817     2749     1.0247   True
    3900     2818     2749     1.0251   True
    3905     2822     2749     1.0266   True
    3910     2806     2751     1.0200   True
    3915     2805     2754     1.0185   True
    3920     2804     2754     1.0182   True
    3925     2796     2754     1.0153   True
    3930     2799     2753     1.0167   True
    3935     2820     2753     1.0243   True
    3940     2814     2753     1.0222   True
    3945     2806     2753     1.0193   True
    3950     2791     2752     1.0142   True
    3955     2795     2753     1.0153   True
    3960     2810     2753     1.0207   True
    3965     2806     2752     1.0196   True
    3970     2801     2751     1.0182   True
    3975     2808     2751     1.0207   True
    3980     2810     2751     1.0214   True
    3985     2800     2750     1.0182   True
    3990     2807     2750     1.0207   True
    3995     2806     2750     1.0204   True
    4000     2804     2750     1.0196   True
    4005     2799     2750     1.0178   True
    4010     2790     2749     1.0149   True
    4015     2787     2750     1.0135   True
    4020     2779     2749     1.0109   True
    4025     2778     2750     1.0102   True
    4030     2788     2749     1.0142   True
    4035     2789     2749     1.0146   True
    4040     2789     2749     1.0146   True
    4045     2793     2750     1.0156   True
    4050     2795     2752     1.0156   True
    4055     2794     2752     1.0153   True
    4060     2791     2752     1.0142   True
    4065     2794     2753     1.0149   True
    4070     2794     2753     1.0149   True
    4075     2789     2756     1.0120   True
    4080     2801     2756     1.0163   True
    4085     2785     2756     1.0105   True
    4090     2797     2756     1.0149   True
    4095     2812     2756     1.0203   True
    4100     2804     2758     1.0167   True
    4105     2807     2758     1.0178   True
    4110     2800     2758     1.0152   True
    4115     2790     2758     1.0116   True
    4120     2798     2758     1.0145   True
    4125     2802     2758     1.0160   True
    4130     2797     2759     1.0138   True
    4135     2788     2760     1.0101   True
    4140     2779     2760     1.0069   True
    4145     2778     2760     1.0065   True
    4150     2787     2761     1.0094   True
    4155     2778     2761     1.0062   True
    4160     2796     2760     1.0130   True
    4165     2791     2760     1.0112   True
    4170     2790     2762     1.0101   True
    4175     2791     2762     1.0105   True
    4180     2780     2762     1.0065   True
    4185     2788     2761     1.0098   True
    4190     2783     2764     1.0069   True
    4195     2780     2764     1.0058   True
    4200     2799     2764     1.0127   True
    4205     2788     2765     1.0083   True
    4210     2800     2765     1.0127   True
    4215     2787     2766     1.0076   True
    4220     2796     2767     1.0105   True
    4225     2787     2767     1.0072   True
    4230     2812     2766     1.0166   True
    4235     2795     2767     1.0101   True
    4240     2813     2767     1.0166   True
    4245     2806     2766     1.0145   True
    4250     2814     2767     1.0170   True
    4255     2802     2767     1.0126   True
    4260     2801     2767     1.0123   True
    4265     2803     2767     1.0130   True
    4270     2806     2767     1.0141   True
    4275     2811     2767     1.0159   True
    4280     2803     2767     1.0130   True
    4285     2796     2769     1.0098   True
    4290     2795     2769     1.0094   True
    4295     2785     2768     1.0061   True
    4300     2809     2769     1.0144   True
    4305     2784     2769     1.0054   True
    4310     2796     2768     1.0101   True
    4315     2797     2767     1.0108   True
    4320     2811     2766     1.0163   True
    4325     2800     2767     1.0119   True
    4330     2822     2767     1.0199   True
    4335     2797     2767     1.0108   True
    4340     2813     2767     1.0166   True
    4345     2808     2767     1.0148   True
    4350     2822     2767     1.0199   True
    4355     2800     2766     1.0123   True
    4360     2809     2767     1.0152   True
    4365     2801     2767     1.0123   True
    4370     2814     2767     1.0170   True
    4375     2809     2767     1.0152   True
    4380     2799     2767     1.0116   True
    4385     2798     2767     1.0112   True
    4390     2789     2767     1.0080   True
    4395     2814     2767     1.0170   True
    4400     2807     2767     1.0145   True
    4405     2816     2765     1.0184   True
    4410     2816     2765     1.0184   True
    4415     2794     2765     1.0105   True
    4420     2802     2764     1.0137   True
    4425     2810     2764     1.0166   True
    4430     2821     2762     1.0214   True
    4435     2813     2762     1.0185   True
    4440     2808     2762     1.0167   True
    4445     2804     2762     1.0152   True
    4450     2814     2764     1.0181   True
    4455     2811     2764     1.0170   True
    4460     2809     2764     1.0163   True
    4465     2796     2763     1.0119   True
    4470     2804     2761     1.0156   True
    4475     2809     2761     1.0174   True
    4480     2808     2761     1.0170   True
    4485     2804     2761     1.0156   True
    4490     2806     2762     1.0159   True
    4495     2807     2762     1.0163   True
    4500     2802     2762     1.0145   True
    4505     2802     2762     1.0145   True
    4510     2810     2762     1.0174   True
    4515     2802     2762     1.0145   True
    4520     2800     2761     1.0141   True
    4525     2792     2761     1.0112   True
    4530     2788     2757     1.0112   True
    4535     2794     2758     1.0131   True
    4540     2788     2758     1.0109   True
    4545     2783     2759     1.0087   True
    4550     2795     2760     1.0127   True
    4555     2796     2760     1.0130   True
    4560     2811     2759     1.0188   True
    4565     2811     2760     1.0185   True
    4570     2804     2760     1.0159   True
    4575     2792     2759     1.0120   True
    4580     2805     2759     1.0167   True
    4585     2815     2758     1.0207   True
    4590     2808     2758     1.0181   True
    4595     2815     2758     1.0207   True
    4600     2815     2759     1.0203   True
    4605     2817     2760     1.0207   True
    4610     2806     2760     1.0167   True
    4615     2809     2760     1.0178   True
    4620     2803     2760     1.0156   True
    4625     2795     2761     1.0123   True
    4630     2813     2762     1.0185   True
    4635     2810     2763     1.0170   True
    4640     2812     2763     1.0177   True
    4645     2811     2759     1.0188   True
    4650     2798     2759     1.0141   True
    4655     2793     2759     1.0123   True
    4660     2799     2759     1.0145   True
    4665     2797     2760     1.0134   True
    4670     2794     2760     1.0123   True
    4675     2812     2761     1.0185   True
    4680     2802     2761     1.0148   True
    4685     2808     2760     1.0174   True
    4690     2803     2760     1.0156   True
    4695     2802     2760     1.0152   True
    4700     2817     2760     1.0207   True
    4705     2811     2760     1.0185   True
    4710     2796     2761     1.0127   True
    4715     2805     2761     1.0159   True
    4720     2799     2761     1.0138   True
    4725     2800     2761     1.0141   True
    4730     2811     2762     1.0177   True
    4735     2816     2762     1.0196   True
    4740     2821     2762     1.0214   True
    4745     2820     2763     1.0206   True
    4750     2802     2764     1.0137   True
    4755     2803     2764     1.0141   True
    4760     2810     2765     1.0163   True
    4765     2803     2765     1.0137   True
    4770     2798     2765     1.0119   True
    4775     2783     2764     1.0069   True
    4780     2788     2764     1.0087   True
    4785     2793     2764     1.0105   True
    4790     2805     2765     1.0145   True
    4795     2804     2765     1.0141   True
    4800     2791     2767     1.0087   True
    4805     2789     2767     1.0080   True
    4810     2811     2767     1.0159   True
    4815     2818     2764     1.0195   True
    4820     2797     2764     1.0119   True
    4825     2786     2764     1.0080   True
    4830     2806     2764     1.0152   True
    4835     2812     2764     1.0174   True
    4840     2804     2764     1.0145   True
    4845     2806     2765     1.0148   True
    4850     2814     2765     1.0177   True
    4855     2796     2765     1.0112   True
    4860     2805     2765     1.0145   True
    4865     2797     2765     1.0116   True
    4870     2802     2763     1.0141   True
    4875     2797     2763     1.0123   True
    4880     2807     2762     1.0163   True
    4885     2791     2762     1.0105   True
    4890     2807     2766     1.0148   True
    4895     2805     2766     1.0141   True
    4900     2809     2766     1.0155   True
    4905     2810     2766     1.0159   True
    4910     2817     2766     1.0184   True
    4915     2815     2767     1.0173   True
    4920     2806     2767     1.0141   True
    4925     2804     2767     1.0134   True
    4930     2803     2767     1.0130   True
    4935     2810     2766     1.0159   True
    4940     2809     2766     1.0155   True
    4945     2806     2766     1.0145   True
    4950     2814     2765     1.0177   True
    4955     2810     2766     1.0159   True
    4960     2803     2766     1.0134   True
    4965     2814     2768     1.0166   True
    4970     2806     2768     1.0137   True
    4975     2812     2767     1.0163   True
    4980     2814     2766     1.0174   True
    4985     2801     2766     1.0127   True
    4990     2806     2766     1.0145   True
    4995     2779     2766     1.0047   True
    5000     2797     2765     1.0116   True
