size=medium  variant=BCAS  n=1000  T=100000
baseline=ILP  ilp_time_limit=10.0
mean_quality=0.9068 ± 0.0360
model_ms_per_snap=3.86
baseline_ms_per_ckpt=9926.03
validity=100.0%

    step    model baseline    quality  valid
----------------------------------------------
     100      247      278     0.8885   True
     200      243      262     0.9275   True
     300      253      255     0.9922   True
     400      256      260     0.9846   True
     500      245      287     0.8537   True
     600      252      285     0.8842   True
     700      254      281     0.9039   True
     800      248      280     0.8857   True
     900      247      282     0.8759   True
    1000      244      280     0.8714   True
    1100      255      273     0.9341   True
    1200      247      282     0.8759   True
    1300      249      284     0.8768   True
    1400      251      279     0.8996   True
    1500      251      278     0.9029   True
    1600      246      274     0.8978   True
    1700      246      284     0.8662   True
    1800      250      259     0.9653   True
    1900      246      263     0.9354   True
    2000      254      259     0.9807   True
    2100      252      256     0.9844   True
    2200      257      258     0.9961   True
    2300      244      260     0.9385   True
    2400      247      284     0.8697   True
    2500      250      267     0.9363   True
    2600      254      271     0.9373   True
    2700      251      280     0.8964   True
    2800      251      279     0.8996   True
    2900      243      278     0.8741   True
    3000      240      279     0.8602   True
    3100      249      277     0.8989   True
    3200      245      260     0.9423   True
    3300      238      268     0.8881   True
    3400      251      280     0.8964   True
    3500      241      267     0.9026   True
    3600      243      253     0.9605   True
    3700      244      281     0.8683   True
    3800      245      271     0.9041   True
    3900      243      277     0.8773   True
    4000      242      267     0.9064   True
    4100      243      257     0.9455   True
    4200      244      282     0.8652   True
    4300      250      279     0.8961   True
    4400      244      275     0.8873   True
    4500      237      275     0.8618   True
    4600      242      277     0.8736   True
    4700      235      262     0.8969   True
    4800      244      274     0.8905   True
    4900      241      273     0.8828   True
    5000      244      274     0.8905   True
    5100      238      273     0.8718   True
    5200      242      271     0.8930   True
    5300      244      262     0.9313   True
    5400      238      271     0.8782   True
    5500      241      272     0.8860   True
    5600      249      270     0.9222   True
    5700      257      271     0.9483   True
    5800      248      269     0.9219   True
    5900      244      268     0.9104   True
    6000      248      270     0.9185   True
    6100      244      272     0.8971   True
    6200      244      271     0.9004   True
    6300      249      272     0.9154   True
    6400      240      273     0.8791   True
    6500      242      271     0.8930   True
    6600      244      274     0.8905   True
    6700      243      277     0.8773   True
    6800      240      280     0.8571   True
    6900      245      251     0.9761   True
    7000      244      261     0.9349   True
    7100      241      278     0.8669   True
    7200      248      278     0.8921   True
    7300      250      248     1.0081   True
    7400      237      262     0.9046   True
    7500      249      279     0.8925   True
    7600      242      277     0.8736   True
    7700      235      278     0.8453   True
    7800      238      255     0.9333   True
    7900      243      280     0.8679   True
    8000      245      277     0.8845   True
    8100      245      257     0.9533   True
    8200      248      279     0.8889   True
    8300      244      280     0.8714   True
    8400      246      281     0.8754   True
    8500      252      273     0.9231   True
    8600      236      272     0.8676   True
    8700      244      271     0.9004   True
    8800      246      275     0.8945   True
    8900      242      276     0.8768   True
    9000      256      251     1.0199   True
    9100      247      273     0.9048   True
    9200      235      276     0.8514   True
    9300      246      270     0.9111   True
    9400      251      259     0.9691   True
    9500      242      262     0.9237   True
    9600      240      276     0.8696   True
    9700      244      275     0.8873   True
    9800      238      258     0.9225   True
    9900      235      263     0.8935   True
   10000      240      276     0.8696   True
   10100      239      276     0.8659   True
   10200      243      276     0.8804   True
   10300      235      255     0.9216   True
   10400      236      250     0.9440   True
   10500      234      255     0.9176   True
   10600      245      257     0.9533   True
   10700      238      275     0.8655   True
   10800      246      253     0.9723   True
   10900      237      273     0.8681   True
   11000      240      259     0.9266   True
   11100      234      271     0.8635   True
   11200      231      269     0.8587   True
   11300      238      248     0.9597   True
   11400      244      246     0.9919   True
   11500      245      275     0.8909   True
   11600      252      276     0.9130   True
   11700      236      271     0.8708   True
   11800      234      274     0.8540   True
   11900      243      257     0.9455   True
   12000      235      271     0.8672   True
   12100      241      255     0.9451   True
   12200      238      249     0.9558   True
   12300      242      252     0.9603   True
   12400      234      251     0.9323   True
   12500      240      273     0.8791   True
   12600      237      250     0.9480   True
   12700      243      252     0.9643   True
   12800      239      275     0.8691   True
   12900      231      249     0.9277   True
   13000      243      249     0.9759   True
   13100      232      273     0.8498   True
   13200      235      262     0.8969   True
   13300      238      254     0.9370   True
   13400      243      274     0.8869   True
   13500      238      272     0.8750   True
   13600      245      274     0.8942   True
   13700      243      272     0.8934   True
   13800      233      274     0.8504   True
   13900      241      274     0.8796   True
   14000      242      276     0.8768   True
   14100      240      277     0.8664   True
   14200      249      276     0.9022   True
   14300      243      250     0.9720   True
   14400      231      275     0.8400   True
   14500      228      250     0.9120   True
   14600      234      248     0.9435   True
   14700      239      254     0.9409   True
   14800      228      251     0.9084   True
   14900      238      257     0.9261   True
   15000      231      252     0.9167   True
   15100      239      275     0.8691   True
   15200      240      255     0.9412   True
   15300      236      269     0.8773   True
   15400      244      253     0.9644   True
   15500      245      249     0.9839   True
   15600      236      266     0.8872   True
   15700      237      277     0.8556   True
   15800      238      264     0.9015   True
   15900      235      276     0.8514   True
   16000      227      275     0.8255   True
   16100      242      276     0.8768   True
   16200      246      254     0.9685   True
   16300      243      255     0.9529   True
   16400      246      272     0.9044   True
   16500      245      253     0.9684   True
   16600      240      256     0.9375   True
   16700      252      277     0.9097   True
   16800      248      273     0.9084   True
   16900      244      258     0.9457   True
   17000      241      260     0.9269   True
   17100      243      274     0.8869   True
   17200      244      254     0.9606   True
   17300      240      255     0.9412   True
   17400      242      278     0.8705   True
   17500      240      275     0.8727   True
   17600      238      276     0.8623   True
   17700      236      273     0.8645   True
   17800      246      273     0.9011   True
   17900      251      276     0.9094   True
   18000      249      274     0.9088   True
   18100      249      271     0.9188   True
   18200      246      275     0.8945   True
   18300      239      272     0.8787   True
   18400      240      274     0.8759   True
   18500      239      273     0.8755   True
   18600      232      276     0.8406   True
   18700      240      246     0.9756   True
   18800      243      255     0.9529   True
   18900      244      277     0.8809   True
   19000      236      278     0.8489   True
   19100      239      258     0.9264   True
   19200      245      276     0.8877   True
   19300      253      273     0.9267   True
   19400      246      273     0.9011   True
   19500      248      269     0.9219   True
   19600      237      269     0.8810   True
   19700      240      270     0.8889   True
   19800      250      267     0.9363   True
   19900      239      263     0.9087   True
   20000      245      263     0.9316   True
   20100      249      264     0.9432   True
   20200      240      265     0.9057   True
   20300      242      270     0.8963   True
   20400      247      269     0.9182   True
   20500      255      270     0.9444   True
   20600      238      274     0.8686   True
   20700      240      268     0.8955   True
   20800      239      268     0.8918   True
   20900      233      258     0.9031   True
   21000      249      271     0.9188   True
   21100      242      277     0.8736   True
   21200      247      274     0.9015   True
   21300      250      273     0.9158   True
   21400      242      276     0.8768   True
   21500      248      274     0.9051   True
   21600      245      251     0.9761   True
   21700      245      254     0.9646   True
   21800      249      275     0.9055   True
   21900      247      273     0.9048   True
   22000      246      271     0.9077   True
   22100      240      269     0.8922   True
   22200      242      267     0.9064   True
   22300      242      271     0.8930   True
   22400      242      271     0.8930   True
   22500      241      270     0.8926   True
   22600      249      256     0.9727   True
   22700      242      271     0.8930   True
   22800      246      255     0.9647   True
   22900      241      272     0.8860   True
   23000      246      265     0.9283   True
   23100      239      256     0.9336   True
   23200      246      274     0.8978   True
   23300      245      275     0.8909   True
   23400      258      274     0.9416   True
   23500      242      266     0.9098   True
   23600      238      255     0.9333   True
   23700      241      275     0.8764   True
   23800      249      273     0.9121   True
   23900      242      274     0.8832   True
   24000      246      276     0.8913   True
   24100      244      279     0.8746   True
   24200      257      281     0.9146   True
   24300      255      273     0.9341   True
   24400      262      279     0.9391   True
   24500      252      281     0.8968   True
   24600      253      280     0.9036   True
   24700      245      275     0.8909   True
   24800      244      264     0.9242   True
   24900      249      283     0.8799   True
   25000      250      274     0.9124   True
