size=medium  variant=NoCAS  n=1000  T=100000
baseline=ILP  ilp_time_limit=10.0
mean_quality=0.6115 ± 0.0510
model_ms_per_snap=28.40
baseline_ms_per_ckpt=9920.98
validity=100.0%

    step    model baseline    quality  valid
----------------------------------------------
     100      149      278     0.5360   True
     200      153      262     0.5840   True
     300      152      255     0.5961   True
     400      153      260     0.5885   True
     500      150      287     0.5226   True
     600      155      285     0.5439   True
     700      157      281     0.5587   True
     800      155      280     0.5536   True
     900      157      282     0.5567   True
    1000      162      280     0.5786   True
    1100      161      273     0.5897   True
    1200      162      282     0.5745   True
    1300      164      284     0.5775   True
    1400      164      279     0.5878   True
    1500      161      278     0.5791   True
    1600      163      274     0.5949   True
    1700      167      284     0.5880   True
    1800      168      259     0.6486   True
    1900      164      263     0.6236   True
    2000      160      259     0.6178   True
    2100      157      256     0.6133   True
    2200      151      258     0.5853   True
    2300      147      260     0.5654   True
    2400      146      284     0.5141   True
    2500      144      267     0.5393   True
    2600      141      271     0.5203   True
    2700      140      280     0.5000   True
    2800      141      279     0.5054   True
    2900      141      278     0.5072   True
    3000      138      279     0.4946   True
    3100      141      277     0.5090   True
    3200      143      260     0.5500   True
    3300      141      268     0.5261   True
    3400      142      280     0.5071   True
    3500      138      267     0.5169   True
    3600      140      253     0.5534   True
    3700      140      281     0.4982   True
    3800      141      271     0.5203   True
    3900      138      277     0.4982   True
    4000      137      267     0.5131   True
    4100      138      257     0.5370   True
    4200      138      282     0.4894   True
    4300      138      279     0.4946   True
    4400      142      275     0.5164   True
    4500      144      275     0.5236   True
    4600      146      277     0.5271   True
    4700      144      262     0.5496   True
    4800      146      274     0.5328   True
    4900      144      273     0.5275   True
    5000      146      274     0.5328   True
    5100      150      273     0.5495   True
    5200      147      271     0.5424   True
    5300      147      262     0.5611   True
    5400      143      271     0.5277   True
    5500      147      272     0.5404   True
    5600      153      270     0.5667   True
    5700      150      271     0.5535   True
    5800      149      269     0.5539   True
    5900      151      268     0.5634   True
    6000      151      270     0.5593   True
    6100      149      272     0.5478   True
    6200      149      271     0.5498   True
    6300      150      272     0.5515   True
    6400      151      273     0.5531   True
    6500      149      271     0.5498   True
    6600      147      274     0.5365   True
    6700      151      277     0.5451   True
    6800      154      280     0.5500   True
    6900      153      251     0.6096   True
    7000      154      261     0.5900   True
    7100      155      278     0.5576   True
    7200      160      278     0.5755   True
    7300      160      248     0.6452   True
    7400      160      262     0.6107   True
    7500      158      279     0.5663   True
    7600      156      277     0.5632   True
    7700      156      278     0.5612   True
    7800      161      255     0.6314   True
    7900      158      280     0.5643   True
    8000      157      277     0.5668   True
    8100      158      257     0.6148   True
    8200      159      279     0.5699   True
    8300      159      280     0.5679   True
    8400      159      281     0.5658   True
    8500      158      273     0.5788   True
    8600      159      272     0.5846   True
    8700      160      271     0.5904   True
    8800      158      275     0.5745   True
    8900      162      276     0.5870   True
    9000      162      251     0.6454   True
    9100      163      273     0.5971   True
    9200      161      276     0.5833   True
    9300      162      270     0.6000   True
    9400      162      259     0.6255   True
    9500      160      262     0.6107   True
    9600      161      276     0.5833   True
    9700      163      275     0.5927   True
    9800      170      258     0.6589   True
    9900      174      263     0.6616   True
   10000      171      276     0.6196   True
   10100      168      276     0.6087   True
   10200      170      276     0.6159   True
   10300      170      255     0.6667   True
   10400      173      250     0.6920   True
   10500      171      255     0.6706   True
   10600      170      257     0.6615   True
   10700      166      275     0.6036   True
   10800      162      253     0.6403   True
   10900      163      273     0.5971   True
   11000      160      259     0.6178   True
   11100      162      271     0.5978   True
   11200      165      269     0.6134   True
   11300      165      248     0.6653   True
   11400      165      246     0.6707   True
   11500      165      275     0.6000   True
   11600      164      276     0.5942   True
   11700      164      271     0.6052   True
   11800      166      274     0.6058   True
   11900      165      257     0.6420   True
   12000      161      271     0.5941   True
   12100      160      255     0.6275   True
   12200      160      249     0.6426   True
   12300      160      252     0.6349   True
   12400      164      251     0.6534   True
   12500      164      273     0.6007   True
   12600      168      250     0.6720   True
   12700      167      252     0.6627   True
   12800      170      275     0.6182   True
   12900      167      249     0.6707   True
   13000      167      249     0.6707   True
   13100      169      273     0.6190   True
   13200      172      262     0.6565   True
   13300      175      254     0.6890   True
   13400      175      274     0.6387   True
   13500      176      272     0.6471   True
   13600      169      274     0.6168   True
   13700      168      272     0.6176   True
   13800      169      274     0.6168   True
   13900      172      274     0.6277   True
   14000      170      276     0.6159   True
   14100      169      277     0.6101   True
   14200      169      276     0.6123   True
   14300      167      250     0.6680   True
   14400      168      275     0.6109   True
   14500      168      250     0.6720   True
   14600      166      248     0.6694   True
   14700      163      254     0.6417   True
   14800      160      251     0.6375   True
   14900      158      257     0.6148   True
   15000      161      252     0.6389   True
   15100      161      275     0.5855   True
   15200      164      255     0.6431   True
   15300      164      269     0.6097   True
   15400      165      253     0.6522   True
   15500      166      249     0.6667   True
   15600      166      266     0.6241   True
   15700      166      277     0.5993   True
   15800      167      264     0.6326   True
   15900      168      276     0.6087   True
   16000      173      275     0.6291   True
   16100      171      276     0.6196   True
   16200      170      254     0.6693   True
   16300      172      255     0.6745   True
   16400      171      272     0.6287   True
   16500      171      253     0.6759   True
   16600      171      256     0.6680   True
   16700      170      277     0.6137   True
   16800      167      273     0.6117   True
   16900      167      258     0.6473   True
   17000      167      260     0.6423   True
   17100      167      274     0.6095   True
   17200      173      254     0.6811   True
   17300      172      255     0.6745   True
   17400      173      278     0.6223   True
   17500      174      275     0.6327   True
   17600      169      276     0.6123   True
   17700      167      273     0.6117   True
   17800      171      273     0.6264   True
   17900      173      276     0.6268   True
   18000      168      274     0.6131   True
   18100      170      271     0.6273   True
   18200      166      275     0.6036   True
   18300      167      272     0.6140   True
   18400      171      274     0.6241   True
   18500      170      273     0.6227   True
   18600      167      276     0.6051   True
   18700      165      246     0.6707   True
   18800      171      255     0.6706   True
   18900      175      277     0.6318   True
   19000      172      278     0.6187   True
   19100      170      258     0.6589   True
   19200      168      276     0.6087   True
   19300      171      273     0.6264   True
   19400      171      273     0.6264   True
   19500      173      269     0.6431   True
   19600      173      269     0.6431   True
   19700      177      270     0.6556   True
   19800      175      267     0.6554   True
   19900      176      263     0.6692   True
   20000      176      263     0.6692   True
   20100      171      264     0.6477   True
   20200      173      265     0.6528   True
   20300      175      270     0.6481   True
   20400      176      269     0.6543   True
   20500      180      270     0.6667   True
   20600      180      274     0.6569   True
   20700      181      268     0.6754   True
   20800      183      268     0.6828   True
   20900      180      258     0.6977   True
   21000      179      271     0.6605   True
   21100      177      277     0.6390   True
   21200      180      274     0.6569   True
   21300      179      273     0.6557   True
   21400      178      276     0.6449   True
   21500      174      274     0.6350   True
   21600      172      251     0.6853   True
   21700      175      254     0.6890   True
   21800      172      275     0.6255   True
   21900      176      273     0.6447   True
   22000      178      271     0.6568   True
   22100      180      269     0.6691   True
   22200      179      267     0.6704   True
   22300      176      271     0.6494   True
   22400      181      271     0.6679   True
   22500      182      270     0.6741   True
   22600      184      256     0.7188   True
   22700      185      271     0.6827   True
   22800      179      255     0.7020   True
   22900      178      272     0.6544   True
   23000      175      265     0.6604   True
   23100      177      256     0.6914   True
   23200      178      274     0.6496   True
   23300      179      275     0.6509   True
   23400      180      274     0.6569   True
   23500      179      266     0.6729   True
   23600      177      255     0.6941   True
   23700      178      275     0.6473   True
   23800      177      273     0.6484   True
   23900      178      274     0.6496   True
   24000      177      276     0.6413   True
   24100      183      279     0.6559   True
   24200      183      281     0.6512   True
   24300      183      273     0.6703   True
   24400      180      279     0.6452   True
   24500      175      281     0.6228   True
   24600      178      280     0.6357   True
   24700      181      275     0.6582   True
   24800      181      264     0.6856   True
   24900      181      283     0.6396   True
   25000      181      274     0.6606   True
