size=small  variant=BCAS  n=100  T=50000
baseline=ILP  ilp_time_limit=None
mean_quality=0.7272 ± 0.0830
model_ms_per_snap=1.23
baseline_ms_per_ckpt=3109.10
validity=100.0%

    step    model baseline    quality  valid
----------------------------------------------
     100       32       36     0.8889   True
     200       28       37     0.7568   True
     300       28       35     0.8000   True
     400       26       34     0.7647   True
     500       27       35     0.7714   True
     600       32       36     0.8889   True
     700       31       35     0.8857   True
     800       27       33     0.8182   True
     900       26       32     0.8125   True
    1000       23       34     0.6765   True
    1100       28       35     0.8000   True
    1200       28       36     0.7778   True
    1300       27       37     0.7297   True
    1400       34       39     0.8718   True
    1500       30       37     0.8108   True
    1600       29       36     0.8056   True
    1700       28       34     0.8235   True
    1800       27       36     0.7500   True
    1900       28       35     0.8000   True
    2000       26       35     0.7429   True
    2100       30       34     0.8824   True
    2200       23       34     0.6765   True
    2300       25       33     0.7576   True
    2400       28       35     0.8000   True
    2500       26       33     0.7879   True
    2600       26       34     0.7647   True
    2700       28       35     0.8000   True
    2800       26       32     0.8125   True
    2900       24       31     0.7742   True
    3000       23       31     0.7419   True
    3100       26       32     0.8125   True
    3200       22       32     0.6875   True
    3300       25       32     0.7812   True
    3400       25       31     0.8065   True
    3500       22       30     0.7333   True
    3600       22       31     0.7097   True
    3700       21       30     0.7000   True
    3800       25       29     0.8621   True
    3900       17       28     0.6071   True
    4000       20       27     0.7407   True
    4100       19       29     0.6552   True
    4200       19       28     0.6786   True
    4300       21       29     0.7241   True
    4400       20       28     0.7143   True
    4500       21       28     0.7500   True
    4600       20       29     0.6897   True
    4700       20       29     0.6897   True
    4800       16       29     0.5517   True
    4900       19       29     0.6552   True
    5000       21       28     0.7500   True
    5100       19       29     0.6552   True
    5200       19       30     0.6333   True
    5300       17       28     0.6071   True
    5400       17       28     0.6071   True
    5500       17       28     0.6071   True
    5600       17       28     0.6071   True
    5700       19       29     0.6552   True
    5800       22       28     0.7857   True
    5900       18       28     0.6429   True
    6000       16       27     0.5926   True
    6100       19       27     0.7037   True
    6200       19       29     0.6552   True
    6300       18       28     0.6429   True
    6400       21       29     0.7241   True
    6500       21       29     0.7241   True
    6600       21       28     0.7500   True
    6700       18       28     0.6429   True
    6800       21       29     0.7241   True
    6900       18       28     0.6429   True
    7000       21       28     0.7500   True
    7100       18       29     0.6207   True
    7200       21       29     0.7241   True
    7300       17       28     0.6071   True
    7400       16       27     0.5926   True
    7500       16       28     0.5714   True
