size=large  variant=NoCAS  n=10000  T=5000
baseline=Greedy  ilp_time_limit=30.0
mean_quality=1.0155 ± 0.0036
model_ms_per_snap=11525.97
baseline_ms_per_ckpt=6.04
validity=100.0%

    step    model baseline    quality  valid
----------------------------------------------
       5     2819     2758     1.0221   True
      10     2820     2758     1.0225   True
      15     2820     2758     1.0225   True
      20     2830     2759     1.0257   True
      25     2826     2759     1.0243   True
      30     2819     2759     1.0217   True
      35     2822     2759     1.0228   True
      40     2823     2759     1.0232   True
      45     2827     2759     1.0246   True
      50     2828     2760     1.0246   True
      55     2829     2760     1.0250   True
      60     2829     2760     1.0250   True
      65     2829     2760     1.0250   True
      70     2827     2760     1.0243   True
      75     2826     2760     1.0239   True
      80     2824     2760     1.0232   True
      85     2823     2761     1.0225   True
      90     2820     2761     1.0214   True
      95     2821     2761     1.0217   True
     100     2814     2762     1.0188   True
     105     2822     2763     1.0214   True
     110     2822     2763     1.0214   True
     115     2824     2763     1.0221   True
     120     2824     2763     1.0221   True
     125     2832     2763     1.0250   True
     130     2833     2764     1.0250   True
     135     2818     2764     1.0195   True
     140     2820     2766     1.0195   True
     145     2819     2764     1.0199   True
     150     2818     2765     1.0192   True
     155     2818     2765     1.0192   True
     160     2815     2765     1.0181   True
     165     2824     2765     1.0213   True
     170     2824     2765     1.0213   True
     175     2826     2765     1.0221   True
     180     2825     2766     1.0213   True
     185     2814     2765     1.0177   True
     190     2815     2765     1.0181   True
     195     2805     2767     1.0137   True
     200     2808     2767     1.0148   True
     205     2805     2768     1.0134   True
     210     2804     2768     1.0130   True
     215     2803     2768     1.0126   True
     220     2804     2768     1.0130   True
     225     2800     2768     1.0116   True
     230     2801     2768     1.0119   True
     235     2805     2768     1.0134   True
     240     2804     2769     1.0126   True
     245     2808     2769     1.0141   True
     250     2808     2768     1.0145   True
     255     2820     2768     1.0188   True
     260     2818     2768     1.0181   True
     265     2815     2768     1.0170   True
     270     2815     2768     1.0170   True
     275     2815     2768     1.0170   True
     280     2810     2768     1.0152   True
     285     2811     2768     1.0155   True
     290     2811     2769     1.0152   True
     295     2812     2770     1.0152   True
     300     2818     2772     1.0166   True
     305     2826     2772     1.0195   True
     310     2823     2772     1.0184   True
     315     2823     2773     1.0180   True
     320     2813     2772     1.0148   True
     325     2803     2772     1.0112   True
     330     2804     2772     1.0115   True
     335     2808     2772     1.0130   True
     340     2809     2774     1.0126   True
     345     2811     2774     1.0133   True
     350     2813     2774     1.0141   True
     355     2816     2774     1.0151   True
     360     2824     2772     1.0188   True
     365     2825     2774     1.0184   True
     370     2823     2774     1.0177   True
     375     2824     2773     1.0184   True
     380     2824     2773     1.0184   True
     385     2821     2773     1.0173   True
     390     2814     2772     1.0152   True
     395     2818     2775     1.0155   True
     400     2814     2775     1.0141   True
     405     2821     2775     1.0166   True
     410     2809     2776     1.0119   True
     415     2809     2775     1.0123   True
     420     2808     2774     1.0123   True
     425     2806     2774     1.0115   True
     430     2804     2772     1.0115   True
     435     2804     2772     1.0115   True
     440     2804     2772     1.0115   True
     445     2803     2773     1.0108   True
     450     2804     2770     1.0123   True
     455     2817     2770     1.0170   True
     460     2815     2771     1.0159   True
     465     2816     2771     1.0162   True
     470     2822     2771     1.0184   True
     475     2824     2771     1.0191   True
     480     2813     2771     1.0152   True
     485     2817     2771     1.0166   True
     490     2812     2771     1.0148   True
     495     2821     2771     1.0180   True
     500     2814     2771     1.0155   True
     505     2814     2770     1.0159   True
     510     2814     2770     1.0159   True
     515     2811     2770     1.0148   True
     520     2814     2771     1.0155   True
     525     2806     2770     1.0130   True
     530     2805     2768     1.0134   True
     535     2807     2767     1.0145   True
     540     2802     2767     1.0126   True
     545     2803     2767     1.0130   True
     550     2802     2766     1.0130   True
     555     2803     2767     1.0130   True
     560     2803     2767     1.0130   True
     565     2804     2768     1.0130   True
     570     2813     2768     1.0163   True
     575     2813     2767     1.0166   True
     580     2817     2767     1.0181   True
     585     2815     2768     1.0170   True
     590     2806     2770     1.0130   True
     595     2808     2770     1.0137   True
     600     2806     2770     1.0130   True
     605     2808     2771     1.0134   True
     610     2808     2771     1.0134   True
     615     2808     2771     1.0134   True
     620     2804     2772     1.0115   True
     625     2801     2772     1.0105   True
     630     2802     2774     1.0101   True
     635     2801     2774     1.0097   True
     640     2803     2774     1.0105   True
     645     2807     2773     1.0123   True
     650     2808     2773     1.0126   True
     655     2815     2773     1.0151   True
     660     2810     2773     1.0133   True
     665     2810     2773     1.0133   True
     670     2808     2773     1.0126   True
     675     2811     2773     1.0137   True
     680     2808     2771     1.0134   True
     685     2807     2774     1.0119   True
     690     2809     2773     1.0130   True
     695     2814     2773     1.0148   True
     700     2815     2771     1.0159   True
     705     2814     2771     1.0155   True
     710     2811     2768     1.0155   True
     715     2808     2768     1.0145   True
     720     2807     2765     1.0152   True
     725     2805     2764     1.0148   True
     730     2807     2765     1.0152   True
     735     2807     2765     1.0152   True
     740     2805     2764     1.0148   True
     745     2805     2764     1.0148   True
     750     2806     2764     1.0152   True
     755     2811     2767     1.0159   True
     760     2811     2767     1.0159   True
     765     2809     2767     1.0152   True
     770     2811     2767     1.0159   True
     775     2805     2766     1.0141   True
     780     2806     2766     1.0145   True
     785     2806     2767     1.0141   True
     790     2806     2767     1.0141   True
     795     2805     2767     1.0137   True
     800     2804     2767     1.0134   True
     805     2803     2767     1.0130   True
     810     2810     2767     1.0155   True
     815     2817     2767     1.0181   True
     820     2817     2767     1.0181   True
     825     2816     2767     1.0177   True
     830     2815     2767     1.0173   True
     835     2812     2767     1.0163   True
     840     2810     2767     1.0155   True
     845     2809     2767     1.0152   True
     850     2814     2767     1.0170   True
     855     2810     2767     1.0155   True
     860     2811     2767     1.0159   True
     865     2810     2767     1.0155   True
     870     2811     2767     1.0159   True
     875     2804     2767     1.0134   True
     880     2798     2768     1.0108   True
     885     2803     2768     1.0126   True
     890     2806     2766     1.0145   True
     895     2808     2766     1.0152   True
     900     2819     2766     1.0192   True
     905     2818     2765     1.0192   True
     910     2817     2765     1.0188   True
     915     2818     2765     1.0192   True
     920     2816     2766     1.0181   True
     925     2821     2766     1.0199   True
     930     2826     2766     1.0217   True
     935     2824     2764     1.0217   True
     940     2826     2763     1.0228   True
     945     2826     2763     1.0228   True
     950     2826     2763     1.0228   True
     955     2825     2764     1.0221   True
     960     2818     2764     1.0195   True
     965     2817     2763     1.0195   True
     970     2816     2760     1.0203   True
     975     2818     2760     1.0210   True
     980     2820     2760     1.0217   True
     985     2817     2760     1.0207   True
     990     2810     2760     1.0181   True
     995     2811     2759     1.0188   True
    1000     2808     2759     1.0178   True
    1005     2808     2759     1.0178   True
    1010     2813     2759     1.0196   True
    1015     2802     2759     1.0156   True
    1020     2803     2759     1.0159   True
    1025     2805     2760     1.0163   True
    1030     2803     2761     1.0152   True
    1035     2808     2761     1.0170   True
    1040     2809     2761     1.0174   True
    1045     2808     2761     1.0170   True
    1050     2812     2763     1.0177   True
    1055     2813     2763     1.0181   True
    1060     2811     2763     1.0174   True
    1065     2808     2763     1.0163   True
    1070     2812     2763     1.0177   True
    1075     2804     2763     1.0148   True
    1080     2802     2762     1.0145   True
    1085     2801     2763     1.0138   True
    1090     2802     2764     1.0137   True
    1095     2800     2766     1.0123   True
    1100     2805     2766     1.0141   True
    1105     2810     2766     1.0159   True
    1110     2810     2766     1.0159   True
    1115     2819     2766     1.0192   True
    1120     2818     2767     1.0184   True
    1125     2819     2767     1.0188   True
    1130     2821     2767     1.0195   True
    1135     2821     2767     1.0195   True
    1140     2815     2767     1.0173   True
    1145     2813     2769     1.0159   True
    1150     2809     2769     1.0144   True
    1155     2809     2769     1.0144   True
    1160     2812     2769     1.0155   True
    1165     2809     2769     1.0144   True
    1170     2802     2768     1.0123   True
    1175     2804     2767     1.0134   True
    1180     2802     2767     1.0126   True
    1185     2810     2767     1.0155   True
    1190     2815     2769     1.0166   True
    1195     2812     2769     1.0155   True
    1200     2817     2769     1.0173   True
    1205     2814     2770     1.0159   True
    1210     2817     2770     1.0170   True
    1215     2819     2770     1.0177   True
    1220     2809     2772     1.0133   True
    1225     2811     2771     1.0144   True
    1230     2817     2771     1.0166   True
    1235     2815     2772     1.0155   True
    1240     2812     2775     1.0133   True
    1245     2819     2775     1.0159   True
    1250     2821     2775     1.0166   True
    1255     2817     2774     1.0155   True
    1260     2817     2775     1.0151   True
    1265     2817     2775     1.0151   True
    1270     2813     2775     1.0137   True
    1275     2811     2774     1.0133   True
    1280     2810     2774     1.0130   True
    1285     2811     2774     1.0133   True
    1290     2812     2772     1.0144   True
    1295     2813     2771     1.0152   True
    1300     2814     2771     1.0155   True
    1305     2814     2771     1.0155   True
    1310     2815     2771     1.0159   True
    1315     2815     2771     1.0159   True
    1320     2820     2771     1.0177   True
    1325     2818     2771     1.0170   True
    1330     2822     2769     1.0191   True
    1335     2817     2769     1.0173   True
    1340     2816     2769     1.0170   True
    1345     2811     2769     1.0152   True
    1350     2811     2769     1.0152   True
    1355     2811     2769     1.0152   True
    1360     2811     2768     1.0155   True
    1365     2812     2768     1.0159   True
    1370     2815     2768     1.0170   True
    1375     2812     2768     1.0159   True
    1380     2807     2768     1.0141   True
    1385     2807     2768     1.0141   True
    1390     2810     2768     1.0152   True
    1395     2811     2768     1.0155   True
    1400     2812     2768     1.0159   True
    1405     2811     2769     1.0152   True
    1410     2809     2769     1.0144   True
    1415     2809     2769     1.0144   True
    1420     2810     2770     1.0144   True
    1425     2805     2770     1.0126   True
    1430     2800     2771     1.0105   True
    1435     2798     2771     1.0097   True
    1440     2804     2767     1.0134   True
    1445     2811     2767     1.0159   True
    1450     2812     2767     1.0163   True
    1455     2813     2767     1.0166   True
    1460     2813     2763     1.0181   True
    1465     2814     2763     1.0185   True
    1470     2814     2764     1.0181   True
    1475     2818     2766     1.0188   True
    1480     2819     2766     1.0192   True
    1485     2819     2766     1.0192   True
    1490     2821     2766     1.0199   True
    1495     2819     2766     1.0192   True
    1500     2816     2766     1.0181   True
    1505     2819     2766     1.0192   True
    1510     2820     2766     1.0195   True
    1515     2831     2766     1.0235   True
    1520     2829     2765     1.0231   True
    1525     2827     2763     1.0232   True
    1530     2819     2764     1.0199   True
    1535     2819     2764     1.0199   True
    1540     2819     2764     1.0199   True
    1545     2819     2764     1.0199   True
    1550     2816     2765     1.0184   True
    1555     2817     2766     1.0184   True
    1560     2814     2770     1.0159   True
    1565     2816     2770     1.0166   True
    1570     2818     2772     1.0166   True
    1575     2818     2772     1.0166   True
    1580     2812     2772     1.0144   True
    1585     2812     2771     1.0148   True
    1590     2812     2770     1.0152   True
    1595     2809     2770     1.0141   True
    1600     2818     2771     1.0170   True
    1605     2818     2770     1.0173   True
    1610     2819     2771     1.0173   True
    1615     2829     2769     1.0217   True
    1620     2827     2771     1.0202   True
    1625     2827     2771     1.0202   True
    1630     2824     2770     1.0195   True
    1635     2825     2769     1.0202   True
    1640     2814     2767     1.0170   True
    1645     2810     2767     1.0155   True
    1650     2808     2769     1.0141   True
    1655     2814     2770     1.0159   True
    1660     2815     2770     1.0162   True
    1665     2812     2770     1.0152   True
    1670     2816     2770     1.0166   True
    1675     2815     2770     1.0162   True
    1680     2817     2768     1.0177   True
    1685     2812     2768     1.0159   True
    1690     2814     2768     1.0166   True
    1695     2813     2768     1.0163   True
    1700     2815     2767     1.0173   True
    1705     2820     2767     1.0192   True
    1710     2822     2767     1.0199   True
    1715     2823     2767     1.0202   True
    1720     2823     2767     1.0202   True
    1725     2826     2767     1.0213   True
    1730     2824     2767     1.0206   True
    1735     2825     2767     1.0210   True
    1740     2830     2767     1.0228   True
    1745     2829     2768     1.0220   True
    1750     2824     2768     1.0202   True
    1755     2825     2769     1.0202   True
    1760     2823     2769     1.0195   True
    1765     2818     2769     1.0177   True
    1770     2823     2769     1.0195   True
    1775     2825     2770     1.0199   True
    1780     2820     2770     1.0181   True
    1785     2817     2770     1.0170   True
    1790     2816     2770     1.0166   True
    1795     2814     2770     1.0159   True
    1800     2820     2770     1.0181   True
    1805     2816     2769     1.0170   True
    1810     2815     2769     1.0166   True
    1815     2817     2769     1.0173   True
    1820     2817     2768     1.0177   True
    1825     2813     2767     1.0166   True
    1830     2814     2766     1.0174   True
    1835     2818     2766     1.0188   True
    1840     2819     2766     1.0192   True
    1845     2820     2766     1.0195   True
    1850     2814     2766     1.0174   True
    1855     2814     2765     1.0177   True
    1860     2813     2764     1.0177   True
    1865     2816     2764     1.0188   True
    1870     2816     2764     1.0188   True
    1875     2813     2764     1.0177   True
    1880     2810     2765     1.0163   True
    1885     2811     2767     1.0159   True
    1890     2812     2767     1.0163   True
    1895     2815     2767     1.0173   True
    1900     2816     2766     1.0181   True
    1905     2818     2766     1.0188   True
    1910     2817     2766     1.0184   True
    1915     2817     2767     1.0181   True
    1920     2814     2767     1.0170   True
    1925     2814     2767     1.0170   True
    1930     2816     2767     1.0177   True
    1935     2816     2767     1.0177   True
    1940     2820     2768     1.0188   True
    1945     2818     2768     1.0181   True
    1950     2819     2767     1.0188   True
    1955     2818     2767     1.0184   True
    1960     2818     2765     1.0192   True
    1965     2814     2765     1.0177   True
    1970     2814     2765     1.0177   True
    1975     2810     2766     1.0159   True
    1980     2810     2770     1.0144   True
    1985     2816     2770     1.0166   True
    1990     2811     2771     1.0144   True
    1995     2811     2771     1.0144   True
    2000     2815     2771     1.0159   True
    2005     2814     2770     1.0159   True
    2010     2818     2770     1.0173   True
    2015     2822     2772     1.0180   True
    2020     2823     2772     1.0184   True
    2025     2818     2772     1.0166   True
    2030     2812     2772     1.0144   True
    2035     2810     2773     1.0133   True
    2040     2813     2773     1.0144   True
    2045     2816     2772     1.0159   True
    2050     2816     2772     1.0159   True
    2055     2821     2772     1.0177   True
    2060     2819     2772     1.0170   True
    2065     2818     2772     1.0166   True
    2070     2822     2772     1.0180   True
    2075     2821     2772     1.0177   True
    2080     2804     2771     1.0119   True
    2085     2804     2771     1.0119   True
    2090     2806     2770     1.0130   True
    2095     2809     2770     1.0141   True
    2100     2813     2770     1.0155   True
    2105     2820     2770     1.0181   True
    2110     2822     2771     1.0184   True
    2115     2821     2770     1.0184   True
    2120     2821     2770     1.0184   True
    2125     2821     2770     1.0184   True
    2130     2826     2770     1.0202   True
    2135     2825     2770     1.0199   True
    2140     2822     2769     1.0191   True
    2145     2822     2769     1.0191   True
    2150     2821     2770     1.0184   True
    2155     2827     2770     1.0206   True
    2160     2827     2770     1.0206   True
    2165     2816     2770     1.0166   True
    2170     2818     2770     1.0173   True
    2175     2820     2770     1.0181   True
    2180     2819     2770     1.0177   True
    2185     2822     2769     1.0191   True
    2190     2817     2769     1.0173   True
    2195     2814     2769     1.0163   True
    2200     2816     2768     1.0173   True
    2205     2820     2768     1.0188   True
    2210     2811     2768     1.0155   True
    2215     2817     2768     1.0177   True
    2220     2814     2768     1.0166   True
    2225     2813     2770     1.0155   True
    2230     2813     2770     1.0155   True
    2235     2812     2770     1.0152   True
    2240     2812     2771     1.0148   True
    2245     2816     2771     1.0162   True
    2250     2811     2771     1.0144   True
    2255     2813     2771     1.0152   True
    2260     2813     2772     1.0148   True
    2265     2813     2771     1.0152   True
    2270     2815     2771     1.0159   True
    2275     2815     2772     1.0155   True
    2280     2818     2772     1.0166   True
    2285     2821     2774     1.0169   True
    2290     2816     2774     1.0151   True
    2295     2814     2774     1.0144   True
    2300     2807     2774     1.0119   True
    2305     2807     2775     1.0115   True
    2310     2810     2775     1.0126   True
    2315     2813     2775     1.0137   True
    2320     2812     2777     1.0126   True
    2325     2811     2777     1.0122   True
    2330     2814     2777     1.0133   True
    2335     2814     2777     1.0133   True
    2340     2813     2777     1.0130   True
    2345     2813     2776     1.0133   True
    2350     2810     2776     1.0122   True
    2355     2810     2778     1.0115   True
    2360     2811     2777     1.0122   True
    2365     2812     2777     1.0126   True
    2370     2808     2776     1.0115   True
    2375     2806     2776     1.0108   True
    2380     2807     2776     1.0112   True
    2385     2812     2776     1.0130   True
    2390     2812     2776     1.0130   True
    2395     2805     2776     1.0104   True
    2400     2811     2777     1.0122   True
    2405     2810     2777     1.0119   True
    2410     2809     2777     1.0115   True
    2415     2808     2777     1.0112   True
    2420     2798     2777     1.0076   True
    2425     2799     2778     1.0076   True
    2430     2807     2778     1.0104   True
    2435     2807     2778     1.0104   True
    2440     2806     2778     1.0101   True
    2445     2806     2778     1.0101   True
    2450     2818     2777     1.0148   True
    2455     2819     2775     1.0159   True
    2460     2822     2775     1.0169   True
    2465     2813     2775     1.0137   True
    2470     2817     2774     1.0155   True
    2475     2817     2774     1.0155   True
    2480     2816     2774     1.0151   True
    2485     2815     2775     1.0144   True
    2490     2815     2775     1.0144   True
    2495     2811     2775     1.0130   True
    2500     2811     2775     1.0130   True
    2505     2817     2771     1.0166   True
    2510     2818     2769     1.0177   True
    2515     2818     2769     1.0177   True
    2520     2820     2768     1.0188   True
    2525     2815     2769     1.0166   True
    2530     2825     2769     1.0202   True
    2535     2824     2769     1.0199   True
    2540     2821     2769     1.0188   True
    2545     2818     2769     1.0177   True
    2550     2819     2769     1.0181   True
    2555     2824     2768     1.0202   True
    2560     2825     2768     1.0206   True
    2565     2825     2768     1.0206   True
    2570     2827     2768     1.0213   True
    2575     2826     2772     1.0195   True
    2580     2827     2771     1.0202   True
    2585     2823     2771     1.0188   True
    2590     2819     2771     1.0173   True
    2595     2821     2771     1.0180   True
    2600     2821     2771     1.0180   True
    2605     2818     2772     1.0166   True
    2610     2820     2772     1.0173   True
    2615     2824     2772     1.0188   True
    2620     2821     2772     1.0177   True
    2625     2821     2772     1.0177   True
    2630     2825     2770     1.0199   True
    2635     2819     2770     1.0177   True
    2640     2830     2769     1.0220   True
    2645     2832     2770     1.0224   True
    2650     2815     2771     1.0159   True
    2655     2815     2771     1.0159   True
    2660     2817     2771     1.0166   True
    2665     2810     2772     1.0137   True
    2670     2821     2772     1.0177   True
    2675     2820     2772     1.0173   True
    2680     2820     2772     1.0173   True
    2685     2820     2772     1.0173   True
    2690     2817     2772     1.0162   True
    2695     2818     2771     1.0170   True
    2700     2822     2770     1.0188   True
    2705     2826     2771     1.0198   True
    2710     2812     2771     1.0148   True
    2715     2810     2771     1.0141   True
    2720     2810     2770     1.0144   True
    2725     2808     2769     1.0141   True
    2730     2812     2769     1.0155   True
    2735     2810     2769     1.0148   True
    2740     2810     2771     1.0141   True
    2745     2804     2771     1.0119   True
    2750     2802     2771     1.0112   True
    2755     2792     2772     1.0072   True
    2760     2800     2772     1.0101   True
    2765     2805     2772     1.0119   True
    2770     2804     2772     1.0115   True
    2775     2802     2772     1.0108   True
    2780     2809     2773     1.0130   True
    2785     2811     2773     1.0137   True
    2790     2812     2773     1.0141   True
    2795     2810     2773     1.0133   True
    2800     2808     2773     1.0126   True
    2805     2809     2773     1.0130   True
    2810     2808     2773     1.0126   True
    2815     2806     2774     1.0115   True
    2820     2811     2774     1.0133   True
    2825     2814     2773     1.0148   True
    2830     2815     2774     1.0148   True
    2835     2811     2774     1.0133   True
    2840     2809     2775     1.0123   True
    2845     2809     2775     1.0123   True
    2850     2807     2775     1.0115   True
    2855     2808     2774     1.0123   True
    2860     2809     2772     1.0133   True
    2865     2810     2771     1.0141   True
    2870     2804     2771     1.0119   True
    2875     2805     2771     1.0123   True
    2880     2799     2772     1.0097   True
    2885     2795     2772     1.0083   True
    2890     2794     2772     1.0079   True
    2895     2799     2771     1.0101   True
    2900     2800     2771     1.0105   True
    2905     2801     2771     1.0108   True
    2910     2800     2770     1.0108   True
    2915     2803     2770     1.0119   True
    2920     2804     2770     1.0123   True
    2925     2813     2770     1.0155   True
    2930     2809     2770     1.0141   True
    2935     2801     2769     1.0116   True
    2940     2793     2769     1.0087   True
    2945     2796     2768     1.0101   True
    2950     2805     2769     1.0130   True
    2955     2806     2770     1.0130   True
    2960     2806     2770     1.0130   True
    2965     2809     2769     1.0144   True
    2970     2808     2769     1.0141   True
    2975     2803     2770     1.0119   True
    2980     2803     2770     1.0119   True
    2985     2812     2769     1.0155   True
    2990     2806     2769     1.0134   True
    2995     2813     2770     1.0155   True
    3000     2809     2770     1.0141   True
    3005     2807     2770     1.0134   True
    3010     2811     2770     1.0148   True
    3015     2813     2771     1.0152   True
    3020     2811     2771     1.0144   True
    3025     2810     2771     1.0141   True
    3030     2808     2771     1.0134   True
    3035     2807     2770     1.0134   True
    3040     2793     2769     1.0087   True
    3045     2795     2769     1.0094   True
    3050     2800     2772     1.0101   True
    3055     2812     2771     1.0148   True
    3060     2810     2771     1.0141   True
    3065     2808     2771     1.0134   True
    3070     2802     2771     1.0112   True
    3075     2806     2771     1.0126   True
    3080     2805     2771     1.0123   True
    3085     2797     2771     1.0094   True
    3090     2795     2770     1.0090   True
    3095     2798     2768     1.0108   True
    3100     2791     2774     1.0061   True
    3105     2790     2774     1.0058   True
    3110     2791     2773     1.0065   True
    3115     2790     2773     1.0061   True
    3120     2796     2773     1.0083   True
    3125     2795     2773     1.0079   True
    3130     2798     2772     1.0094   True
    3135     2801     2772     1.0105   True
    3140     2801     2773     1.0101   True
    3145     2802     2773     1.0105   True
    3150     2797     2773     1.0087   True
    3155     2801     2774     1.0097   True
    3160     2802     2773     1.0105   True
    3165     2801     2773     1.0101   True
    3170     2793     2774     1.0068   True
    3175     2794     2774     1.0072   True
    3180     2791     2773     1.0065   True
    3185     2791     2773     1.0065   True
    3190     2791     2773     1.0065   True
    3195     2795     2773     1.0079   True
    3200     2792     2773     1.0069   True
    3205     2792     2772     1.0072   True
    3210     2793     2772     1.0076   True
    3215     2788     2771     1.0061   True
    3220     2787     2771     1.0058   True
    3225     2787     2771     1.0058   True
    3230     2787     2773     1.0050   True
    3235     2787     2773     1.0050   True
    3240     2803     2773     1.0108   True
    3245     2801     2773     1.0101   True
    3250     2801     2772     1.0105   True
    3255     2801     2772     1.0105   True
    3260     2806     2773     1.0119   True
    3265     2814     2772     1.0152   True
    3270     2813     2772     1.0148   True
    3275     2814     2772     1.0152   True
    3280     2811     2771     1.0144   True
    3285     2805     2771     1.0123   True
    3290     2806     2770     1.0130   True
    3295     2808     2770     1.0137   True
    3300     2817     2770     1.0170   True
    3305     2817     2770     1.0170   True
    3310     2809     2770     1.0141   True
    3315     2798     2769     1.0105   True
    3320     2800     2769     1.0112   True
    3325     2800     2768     1.0116   True
    3330     2800     2767     1.0119   True
    3335     2800     2767     1.0119   True
    3340     2801     2767     1.0123   True
    3345     2801     2767     1.0123   True
    3350     2800     2767     1.0119   True
    3355     2802     2767     1.0126   True
    3360     2801     2764     1.0134   True
    3365     2805     2764     1.0148   True
    3370     2793     2764     1.0105   True
    3375     2791     2762     1.0105   True
    3380     2795     2763     1.0116   True
    3385     2799     2765     1.0123   True
    3390     2799     2765     1.0123   True
    3395     2799     2764     1.0127   True
    3400     2787     2764     1.0083   True
    3405     2790     2763     1.0098   True
    3410     2791     2763     1.0101   True
    3415     2793     2763     1.0109   True
    3420     2794     2762     1.0116   True
    3425     2793     2762     1.0112   True
    3430     2790     2762     1.0101   True
    3435     2788     2762     1.0094   True
    3440     2788     2762     1.0094   True
    3445     2785     2762     1.0083   True
    3450     2780     2762     1.0065   True
    3455     2787     2762     1.0091   True
    3460     2794     2762     1.0116   True
    3465     2795     2762     1.0119   True
    3470     2797     2762     1.0127   True
    3475     2794     2760     1.0123   True
    3480     2797     2760     1.0134   True
    3485     2792     2760     1.0116   True
    3490     2792     2759     1.0120   True
    3495     2798     2759     1.0141   True
    3500     2797     2759     1.0138   True
    3505     2786     2759     1.0098   True
    3510     2800     2758     1.0152   True
    3515     2809     2759     1.0181   True
    3520     2815     2759     1.0203   True
    3525     2814     2760     1.0196   True
    3530     2816     2760     1.0203   True
    3535     2816     2760     1.0203   True
    3540     2816     2760     1.0203   True
    3545     2817     2760     1.0207   True
    3550     2816     2759     1.0207   True
    3555     2816     2759     1.0207   True
    3560     2811     2760     1.0185   True
    3565     2812     2760     1.0188   True
    3570     2807     2760     1.0170   True
    3575     2813     2760     1.0192   True
    3580     2816     2760     1.0203   True
    3585     2816     2760     1.0203   True
    3590     2816     2760     1.0203   True
    3595     2811     2759     1.0188   True
    3600     2800     2759     1.0149   True
    3605     2791     2759     1.0116   True
    3610     2792     2760     1.0116   True
    3615     2794     2759     1.0127   True
    3620     2798     2759     1.0141   True
    3625     2795     2759     1.0130   True
    3630     2798     2758     1.0145   True
    3635     2800     2756     1.0160   True
    3640     2798     2756     1.0152   True
    3645     2800     2757     1.0156   True
    3650     2806     2757     1.0178   True
    3655     2806     2758     1.0174   True
    3660     2807     2758     1.0178   True
    3665     2809     2758     1.0185   True
    3670     2810     2758     1.0189   True
    3675     2804     2756     1.0174   True
    3680     2805     2756     1.0178   True
    3685     2804     2756     1.0174   True
    3690     2804     2756     1.0174   True
    3695     2811     2756     1.0200   True
    3700     2809     2755     1.0196   True
    3705     2806     2754     1.0189   True
    3710     2800     2753     1.0171   True
    3715     2800     2755     1.0163   True
    3720     2798     2755     1.0156   True
    3725     2798     2755     1.0156   True
    3730     2801     2756     1.0163   True
    3735     2795     2756     1.0142   True
    3740     2794     2756     1.0138   True
    3745     2795     2756     1.0142   True
    3750     2791     2756     1.0127   True
    3755     2791     2756     1.0127   True
    3760     2795     2757     1.0138   True
    3765     2796     2755     1.0149   True
    3770     2797     2755     1.0152   True
    3775     2795     2754     1.0149   True
    3780     2794     2754     1.0145   True
    3785     2794     2754     1.0145   True
    3790     2796     2754     1.0153   True
    3795     2795     2754     1.0149   True
    3800     2794     2752     1.0153   True
    3805     2798     2751     1.0171   True
    3810     2798     2751     1.0171   True
    3815     2802     2751     1.0185   True
    3820     2802     2750     1.0189   True
    3825     2799     2750     1.0178   True
    3830     2793     2749     1.0160   True
    3835     2788     2749     1.0142   True
    3840     2790     2749     1.0149   True
    3845     2794     2749     1.0164   True
    3850     2786     2749     1.0135   True
    3855     2782     2749     1.0120   True
    3860     2781     2749     1.0116   True
    3865     2784     2749     1.0127   True
    3870     2785     2749     1.0131   True
    3875     2793     2749     1.0160   True
    3880     2793     2748     1.0164   True
    3885     2794     2748     1.0167   True
    3890     2792     2748     1.0160   True
    3895     2799     2749     1.0182   True
    3900     2806     2749     1.0207   True
    3905     2808     2749     1.0215   True
    3910     2794     2751     1.0156   True
    3915     2791     2754     1.0134   True
    3920     2793     2754     1.0142   True
    3925     2794     2754     1.0145   True
    3930     2796     2753     1.0156   True
    3935     2795     2753     1.0153   True
    3940     2797     2753     1.0160   True
    3945     2800     2753     1.0171   True
    3950     2801     2752     1.0178   True
    3955     2807     2753     1.0196   True
    3960     2803     2753     1.0182   True
    3965     2803     2752     1.0185   True
    3970     2803     2751     1.0189   True
    3975     2806     2751     1.0200   True
    3980     2809     2751     1.0211   True
    3985     2809     2750     1.0215   True
    3990     2804     2750     1.0196   True
    3995     2804     2750     1.0196   True
    4000     2806     2750     1.0204   True
    4005     2808     2750     1.0211   True
    4010     2807     2749     1.0211   True
    4015     2808     2750     1.0211   True
    4020     2808     2749     1.0215   True
    4025     2801     2750     1.0185   True
    4030     2803     2749     1.0196   True
    4035     2803     2749     1.0196   True
    4040     2801     2749     1.0189   True
    4045     2794     2750     1.0160   True
    4050     2797     2752     1.0164   True
    4055     2797     2752     1.0164   True
    4060     2801     2752     1.0178   True
    4065     2785     2753     1.0116   True
    4070     2785     2753     1.0116   True
    4075     2786     2756     1.0109   True
    4080     2789     2756     1.0120   True
    4085     2789     2756     1.0120   True
    4090     2796     2756     1.0145   True
    4095     2795     2756     1.0142   True
    4100     2792     2758     1.0123   True
    4105     2793     2758     1.0127   True
    4110     2783     2758     1.0091   True
    4115     2783     2758     1.0091   True
    4120     2779     2758     1.0076   True
    4125     2784     2758     1.0094   True
    4130     2785     2759     1.0094   True
    4135     2785     2760     1.0091   True
    4140     2785     2760     1.0091   True
    4145     2785     2760     1.0091   True
    4150     2794     2761     1.0120   True
    4155     2800     2761     1.0141   True
    4160     2797     2760     1.0134   True
    4165     2800     2760     1.0145   True
    4170     2802     2762     1.0145   True
    4175     2802     2762     1.0145   True
    4180     2799     2762     1.0134   True
    4185     2803     2761     1.0152   True
    4190     2806     2764     1.0152   True
    4195     2806     2764     1.0152   True
    4200     2808     2764     1.0159   True
    4205     2808     2765     1.0156   True
    4210     2808     2765     1.0156   True
    4215     2806     2766     1.0145   True
    4220     2807     2767     1.0145   True
    4225     2807     2767     1.0145   True
    4230     2807     2766     1.0148   True
    4235     2807     2767     1.0145   True
    4240     2806     2767     1.0141   True
    4245     2804     2766     1.0137   True
    4250     2806     2767     1.0141   True
    4255     2807     2767     1.0145   True
    4260     2804     2767     1.0134   True
    4265     2802     2767     1.0126   True
    4270     2804     2767     1.0134   True
    4275     2807     2767     1.0145   True
    4280     2806     2767     1.0141   True
    4285     2804     2769     1.0126   True
    4290     2805     2769     1.0130   True
    4295     2807     2768     1.0141   True
    4300     2806     2769     1.0134   True
    4305     2804     2769     1.0126   True
    4310     2805     2768     1.0134   True
    4315     2805     2767     1.0137   True
    4320     2804     2766     1.0137   True
    4325     2802     2767     1.0126   True
    4330     2801     2767     1.0123   True
    4335     2799     2767     1.0116   True
    4340     2801     2767     1.0123   True
    4345     2797     2767     1.0108   True
    4350     2800     2767     1.0119   True
    4355     2800     2766     1.0123   True
    4360     2800     2767     1.0119   True
    4365     2798     2767     1.0112   True
    4370     2796     2767     1.0105   True
    4375     2792     2767     1.0090   True
    4380     2797     2767     1.0108   True
    4385     2796     2767     1.0105   True
    4390     2791     2767     1.0087   True
    4395     2792     2767     1.0090   True
    4400     2797     2767     1.0108   True
    4405     2798     2765     1.0119   True
    4410     2801     2765     1.0130   True
    4415     2801     2765     1.0130   True
    4420     2796     2764     1.0116   True
    4425     2788     2764     1.0087   True
    4430     2791     2762     1.0105   True
    4435     2789     2762     1.0098   True
    4440     2795     2762     1.0119   True
    4445     2793     2762     1.0112   True
    4450     2801     2764     1.0134   True
    4455     2801     2764     1.0134   True
    4460     2802     2764     1.0137   True
    4465     2802     2763     1.0141   True
    4470     2800     2761     1.0141   True
    4475     2800     2761     1.0141   True
    4480     2801     2761     1.0145   True
    4485     2808     2761     1.0170   True
    4490     2803     2762     1.0148   True
    4495     2803     2762     1.0148   True
    4500     2800     2762     1.0138   True
    4505     2801     2762     1.0141   True
    4510     2801     2762     1.0141   True
    4515     2802     2762     1.0145   True
    4520     2801     2761     1.0145   True
    4525     2800     2761     1.0141   True
    4530     2799     2757     1.0152   True
    4535     2806     2758     1.0174   True
    4540     2806     2758     1.0174   True
    4545     2802     2759     1.0156   True
    4550     2801     2760     1.0149   True
    4555     2801     2760     1.0149   True
    4560     2799     2759     1.0145   True
    4565     2801     2760     1.0149   True
    4570     2806     2760     1.0167   True
    4575     2800     2759     1.0149   True
    4580     2797     2759     1.0138   True
    4585     2798     2758     1.0145   True
    4590     2797     2758     1.0141   True
    4595     2810     2758     1.0189   True
    4600     2812     2759     1.0192   True
    4605     2812     2760     1.0188   True
    4610     2810     2760     1.0181   True
    4615     2814     2760     1.0196   True
    4620     2810     2760     1.0181   True
    4625     2808     2761     1.0170   True
    4630     2805     2762     1.0156   True
    4635     2808     2763     1.0163   True
    4640     2808     2763     1.0163   True
    4645     2811     2759     1.0188   True
    4650     2812     2759     1.0192   True
    4655     2818     2759     1.0214   True
    4660     2821     2759     1.0225   True
    4665     2818     2760     1.0210   True
    4670     2818     2760     1.0210   True
    4675     2820     2761     1.0214   True
    4680     2815     2761     1.0196   True
    4685     2815     2760     1.0199   True
    4690     2817     2760     1.0207   True
    4695     2819     2760     1.0214   True
    4700     2819     2760     1.0214   True
    4705     2821     2760     1.0221   True
    4710     2821     2761     1.0217   True
    4715     2814     2761     1.0192   True
    4720     2814     2761     1.0192   True
    4725     2812     2761     1.0185   True
    4730     2811     2762     1.0177   True
    4735     2811     2762     1.0177   True
    4740     2812     2762     1.0181   True
    4745     2816     2763     1.0192   True
    4750     2817     2764     1.0192   True
    4755     2807     2764     1.0156   True
    4760     2813     2765     1.0174   True
    4765     2813     2765     1.0174   True
    4770     2819     2765     1.0195   True
    4775     2816     2764     1.0188   True
    4780     2824     2764     1.0217   True
    4785     2821     2764     1.0206   True
    4790     2821     2765     1.0203   True
    4795     2824     2765     1.0213   True
    4800     2826     2767     1.0213   True
    4805     2828     2767     1.0220   True
    4810     2830     2767     1.0228   True
    4815     2830     2764     1.0239   True
    4820     2830     2764     1.0239   True
    4825     2817     2764     1.0192   True
    4830     2812     2764     1.0174   True
    4835     2823     2764     1.0213   True
    4840     2816     2764     1.0188   True
    4845     2813     2765     1.0174   True
    4850     2814     2765     1.0177   True
    4855     2803     2765     1.0137   True
    4860     2802     2765     1.0134   True
    4865     2790     2765     1.0090   True
    4870     2790     2763     1.0098   True
    4875     2790     2763     1.0098   True
    4880     2791     2762     1.0105   True
    4885     2797     2762     1.0127   True
    4890     2797     2766     1.0112   True
    4895     2798     2766     1.0116   True
    4900     2803     2766     1.0134   True
    4905     2805     2766     1.0141   True
    4910     2804     2766     1.0137   True
    4915     2803     2767     1.0130   True
    4920     2800     2767     1.0119   True
    4925     2791     2767     1.0087   True
    4930     2791     2767     1.0087   True
    4935     2806     2766     1.0145   True
    4940     2808     2766     1.0152   True
    4945     2811     2766     1.0163   True
    4950     2810     2765     1.0163   True
    4955     2811     2766     1.0163   True
    4960     2812     2766     1.0166   True
    4965     2811     2768     1.0155   True
    4970     2811     2768     1.0155   True
    4975     2812     2767     1.0163   True
    4980     2808     2766     1.0152   True
    4985     2809     2766     1.0155   True
    4990     2809     2766     1.0155   True
    4995     2811     2766     1.0163   True
    5000     2809     2765     1.0159   True
